1 0,0138888888888889 2,64472391831026
2 0,0277777777777778 4,59391002626571
3 0,0416666666666667 6,05333610738446
4 0,0555555555555556 7,25929365606762
5 0,0694444444444444 8,30330814931925
6 0,0833333333333333 9,23231938894212
7 0,0972222222222222 10,0742117411759
8 0,111111111111111 10,8471533882278
9 0,125 11,5637639706789
10 0,138888888888889 12,2332317525545
11 0,152777777777778 12,8624931134722
12 0,166666666666667 13,4569369144596
13 0,180555555555556 14,0208486191668
14 0,194444444444444 14,5577028515339
15 0,208333333333333 15,07036318733
16 0,222222222222222 15,5612227825978
17 0,236111111111111 16,0323059392834
18 0,25 16,4853431041156
19 0,263888888888889 16,9218273305428
20 0,277777777777778 17,3430575137497
21 0,291666666666667 17,7501719995978
22 0,305555555555556 18,1441750641543
23 0,319444444444444 18,5259580294752
24 0,333333333333333 18,8963162866651
25 0,347222222222222 19,2559631559235
26 0,361111111111111 19,6055412735418
27 0,375 19,9456320247027
28 0,388888888888889 20,2767634169888
29 0,402777777777778 20,5994166985254
30 0,416666666666667 20,9140319570577
31 0,430555555555556 21,2210128854277
32 0,444444444444444 21,5207308603007
33 0,458333333333333 21,8135284513609
34 0,472222222222222 22,0997224552611
35 0,486111111111111 22,3796065306995
36 0,5 22,6534534969051
37 0,513888888888889 22,9215173466345
38 0,527777777777778 23,1840350158578
39 0,541666666666667 23,4412279451446
40 0,555555555555556 23,6933034619496
41 0,569444444444444 23,9404560082897
42 0,583333333333333 24,1828682344341
43 0,597222222222222 24,42071197606
44 0,611111111111111 24,6541491296986
45 0,625 24,8833324391202
46 0,638888888888889 25,1084062034876
47 0,652777777777778 25,3295069165848
48 0,666666666666667 25,5467638451464
49 0,680555555555556 25,7602995532337
50 0,694444444444444 25,9702303786839
51 0,708333333333333 26,1766668668794
52 0,722222222222222 26,3797141664198
53 0,736111111111111 26,5794723907084
54 0,75 26,7760369489742
55 0,763888888888889 26,9694988498282
56 0,777777777777778 27,1599449800915
57 0,791666666666667 27,3474583613107
58 0,805555555555556 27,5321183861068
59 0,819444444444444 27,7140010362613
60 0,833333333333333 27,8931790842353
61 0,847222222222222 28,069722279635
62 0,861111111111111 28,2436975219742
63 0,875 28,4151690209468
64 0,888888888888889 28,5841984452928
65 0,902777777777778 28,7508450612379
66 0,916666666666667 28,9151658613829
67 0,930555555555556 29,0772156848369
68 0,944444444444444 29,2370473293115
69 0,958333333333333 29,3947116558213
70 0,972222222222222 29,5502576865819
71 0,986111111111111 29,7037326966341
72 1 29,8551822996816
73 1,01388888888889 30,0046505285814
74 1,02777777777778 30,1521799108888
75 1,04166666666667 30,2978115398225
76 1,05555555555556 30,4415851409872
77 1,06944444444444 30,5835391351556
78 1,08333333333333 30,7237106973956
79 1,09722222222222 30,8621358127939
80 1,11111111111111 30,9988493290175
81 1,125 31,1338850059259
82 1,13888888888889 31,2672755624362
83 1,15277777777778 31,3990527208234
84 1,16666666666667 31,5292472486259
85 1,18055555555556 31,6578889983132
86 1,19444444444444 31,7850069448579
87 1,20833333333333 31,9106292213491
88 1,22222222222222 32,0347831527674
89 1,23611111111111 32,1574952880385
90 1,25 32,2787914304699
91 1,26388888888889 32,3986966666696
92 1,27777777777778 32,51723539404
93 1,29166666666667 32,6344313469282
94 1,30555555555556 32,7503076215168
95 1,31944444444444 32,8648866995238
96 1,33333333333333 32,9781904707852
97 1,34722222222222 33,0902402547785
98 1,36111111111111 33,2010568211542
99 1,375 33,3106604093229
100 1,38888888888889 33,4190707471571
101 1,40277777777778 33,5263070688523
102 1,41666666666667 33,632388131994
103 1,43055555555556 33,7373322338742
104 1,44444444444444 33,8411572270957
105 1,45833333333333 33,943880534505
106 1,47222222222222 34,0455191634833
107 1,48611111111111 34,1460897196355
108 1,5 34,2456084199029
109 1,51388888888889 34,3440911051307
110 1,52777777777778 34,4415532521196
111 1,54166666666667 34,5380099851829
112 1,55555555555556 34,6334760872383
113 1,56944444444444 34,7279660104539
114 1,58333333333333 34,8214938864713
115 1,59722222222222 34,914073536226
116 1,61111111111111 35,0057184793847
117 1,625 35,096441943417
118 1,63888888888889 35,1862568723187
119 1,65277777777778 35,2751759350036
120 1,66666666666667 35,3632115333782
121 1,68055555555556 35,4503758101142
122 1,69444444444444 35,5366806561331
123 1,70833333333333 35,6221377178147
124 1,72222222222222 35,7067584039422
125 1,73611111111111 35,7905538923968
126 1,75 35,8735351366106
127 1,76388888888889 35,9557128717898
128 1,77777777777778 36,0370976209186
129 1,79166666666667 36,1176997005515
130 1,80555555555556 36,1975292264039
131 1,81944444444444 36,2765961187505
132 1,83333333333333 36,3549101076375
133 1,84722222222222 36,432480737918
134 1,86111111111111 36,5093173741176
135 1,875 36,5854292051362
136 1,88888888888889 36,6608252487939
137 1,90277777777778 36,7355143562262
138 1,91666666666667 36,8095052161362
139 1,93055555555556 36,8828063589071
140 1,94444444444444 36,9554261605819
141 1,95833333333333 37,0273728467174
142 1,97222222222222 37,0986544961121
143 1,98611111111111 37,1692790444189
144 2 37,2392542876431
145 2,01388888888889 37,3085878855317
146 2,02777777777778 37,3772873648572
147 2,04166666666667 37,4453601226006
148 2,05555555555556 37,5128134290378
149 2,06944444444444 37,5796544307307
150 2,08333333333333 37,64589015343
151 2,09722222222222 37,7115275048895
152 2,11111111111111 37,776573277598
153 2,125 37,8410341514292
154 2,13888888888889 37,9049166962144
155 2,15277777777778 37,9682273742406
156 2,16666666666667 38,0309725426749
157 2,18055555555556 38,0931584559207
158 2,19444444444444 38,1547912679051
159 2,20833333333333 38,2158770343019
160 2,22222222222222 38,2764217146917
161 2,23611111111111 38,3364311746615
162 2,25 38,3959111878451
163 2,26388888888889 38,4548674379077
164 2,27777777777778 38,5133055204751
165 2,29166666666667 38,5712309450109
166 2,30555555555556 38,6286491366413
167 2,31944444444444 38,6855654379317
168 2,33333333333333 38,7419851106149
169 2,34722222222222 38,7979133372736
170 2,36111111111111 38,8533552229771
171 2,375 38,9083157968757
172 2,38888888888889 38,9628000137534
173 2,40277777777778 39,0168127555387
174 2,41666666666667 39,0703588327777
175 2,43055555555556 39,1234429860681
176 2,44444444444444 39,176069887457
177 2,45833333333333 39,2282441418025
178 2,47222222222222 39,2799702881011
179 2,48611111111111 39,3312528007815
180 2,5 39,3820960909657
181 2,51388888888889 39,4325045076994
182 2,52777777777778 39,4824823391504
183 2,54166666666667 39,5320338137789
184 2,55555555555556 39,581163101478
185 2,56944444444444 39,6298743146874
186 2,58333333333333 39,6781715094785
187 2,59722222222222 39,7260586866152
188 2,61111111111111 39,7735397925872
189 2,625 39,8206187206207
190 2,63888888888889 39,8672993116628
191 2,65277777777778 39,9135853553445
192 2,66666666666667 39,9594805909206
193 2,68055555555556 40,0049887081865
194 2,69444444444444 40,0501133483749
195 2,70833333333333 40,0948581050314
196 2,72222222222222 40,1392265248697
197 2,73611111111111 40,1832221086072
198 2,75 40,2268483117817
199 2,76388888888889 40,27010854555
200 2,77777777777778 40,313006177467
201 2,79166666666667 40,3555445322489
202 2,80555555555556 40,3977268925188
203 2,81944444444444 40,4395564995351
204 2,83333333333333 40,4810365539049
205 2,84722222222222 40,5221702162804
206 2,86111111111111 40,5629606080411
207 2,875 40,6034108119607
208 2,88888888888889 40,6435238728594
209 2,90277777777778 40,6833027982419
210 2,91666666666667 40,7227505589231
211 2,93055555555556 40,7618700896379
212 2,94444444444444 40,8006642896405
213 2,95833333333333 40,8391360232893
214 2,97222222222222 40,8772881206204
215 2,98611111111111 40,9151233779085
216 3 40,9526445582166
217 3,01388888888889 40,9898543919336
218 3,02777777777778 41,0267555773014
219 3,04166666666667 41,0633507809309
220 3,05555555555556 41,0996426383068
221 3,06944444444444 41,1356337542835
222 3,08333333333333 41,1713267035694
223 3,09722222222222 41,2067240312023
224 3,11111111111111 41,2418282530153
225 3,125 41,276641856092
226 3,13888888888889 41,3111672992151
227 3,15277777777778 41,3454070133033
228 3,16666666666667 41,3793634018417
229 3,18055555555556 41,4130388413024
230 3,19444444444445 41,4464356815573
231 3,20833333333333 41,4795562462835
232 3,22222222222222 41,5124028333592
233 3,23611111111111 41,5449777152535
234 3,25 41,5772831394081
235 3,26388888888889 41,6093213286112
236 3,27777777777778 41,6410944813649
237 3,29166666666667 41,6726047722459
238 3,30555555555556 41,7038543522575
239 3,31944444444444 41,7348453491778
240 3,33333333333333 41,7655798678991
241 3,34722222222222 41,7960599907614
242 3,36111111111111 41,8262877778806
243 3,375 41,8562652674694
244 3,38888888888889 41,8859944761535
245 3,40277777777778 41,9154773992807
246 3,41666666666667 41,944716011225
247 3,43055555555556 41,9737122656853
248 3,44444444444444 42,0024680959782
249 3,45833333333333 42,0309854153262
250 3,47222222222222 42,0592661171395
251 3,48611111111111 42,0873120752941
252 3,5 42,1151251444037
253 3,51388888888889 42,1427071600879
254 3,52777777777778 42,1700599392347
255 3,54166666666667 42,1971852802588
256 3,55555555555556 42,2240849633551
257 3,56944444444444 42,2507607507483
258 3,58333333333333 42,2772143869371
259 3,59722222222222 42,3034475989358
260 3,61111111111111 42,3294620965092
261 3,625 42,3552595724066
262 3,63888888888889 42,3808417025888
263 3,65277777777778 42,4062101464529
264 3,66666666666667 42,4313665470533
265 3,68055555555556 42,4563125313178
266 3,69444444444444 42,4810497102613
267 3,70833333333333 42,5055796791948
268 3,72222222222222 42,5299040179317
269 3,73611111111111 42,5540242909904
270 3,75 42,5779420477932
271 3,76388888888889 42,6016588228624
272 3,77777777777778 42,6251761360126
273 3,79166666666667 42,6484954925403
274 3,80555555555555 42,67161838341
275 3,81944444444444 42,6945462854379
276 3,83333333333333 42,7172806614712
277 3,84722222222222 42,7398229605663
278 3,86111111111111 42,7621746181631
279 3,875 42,7843370562558
280 3,88888888888889 42,8063116835627
281 3,90277777777778 42,8280998956918
282 3,91666666666667 42,8497030753043
283 3,93055555555556 42,8711225922754
284 3,94444444444444 42,8923598038531
285 3,95833333333333 42,9134160548131
286 3,97222222222222 42,9342926776129
287 3,98611111111111 42,9549909925424
288 4 42,9755123078725
289 4,01388888888889 42,9958579200012
290 4,02777777777778 43,016029113598
291 4,04166666666667 43,0360271617449
292 4,05555555555556 43,0558533260768
293 4,06944444444444 43,075508856918
294 4,08333333333333 43,0949949934181
295 4,09722222222222 43,1143129636852
296 4,11111111111111 43,1334639849167
297 4,125 43,1524492635288
298 4,13888888888889 43,1712699952837
299 4,15277777777778 43,1899273654146
300 4,16666666666667 43,2084225487496
301 4,18055555555556 43,226756709833
302 4,19444444444444 43,2449310030452
303 4,20833333333333 43,2629465727202
304 4,22222222222222 43,2808045532627
305 4,23611111111111 43,2985060692617
306 4,25 43,3160522356042
307 4,26388888888889 43,3334441575854
308 4,27777777777778 43,350682931019
309 4,29166666666667 43,367769642345
310 4,30555555555556 43,3847053687357
311 4,31944444444444 43,4014911782003
312 4,33333333333333 43,4181281296899
313 4,34722222222222 43,4346172731967
314 4,36111111111111 43,4509596498566
315 4,375 43,4671562920467
316 4,38888888888889 43,4832082234837
317 4,40277777777778 43,4991164593194
318 4,41666666666667 43,5148820062359
319 4,43055555555556 43,5305058625385
320 4,44444444444444 43,5459890182483
321 4,45833333333333 43,5613324551928
322 4,47222222222222 43,5765371470953
323 4,48611111111111 43,5916040596634
324 4,5 43,6065341506758
325 4,51388888888889 43,6213283700686
326 4,52777777777778 43,6359876600193
327 4,54166666666667 43,6505129550307
328 4,55555555555556 43,664905182013
329 4,56944444444444 43,6791652603657
330 4,58333333333333 43,6932941020566
331 4,59722222222222 43,7072926117015
332 4,61111111111111 43,7211616866421
333 4,625 43,7349022170226
334 4,63888888888889 43,7485150858658
335 4,65277777777778 43,7620011691479
336 4,66666666666667 43,775361335872
337 4,68055555555556 43,7885964481413
338 4,69444444444444 43,8017073612308
339 4,70833333333333 43,8146949236579
340 4,72222222222222 43,8275599772533
341 4,73611111111111 43,8403033572287
342 4,75 43,852925892246
343 4,76388888888889 43,8654284044839
344 4,77777777777778 43,8778117097045
345 4,79166666666667 43,8900766173185
346 4,80555555555556 43,9022239304509
347 4,81944444444444 43,9142544460029
348 4,83333333333333 43,9261689547164
349 4,84722222222222 43,9379682412355
350 4,86111111111111 43,949653084168
351 4,875 43,9612242561461
352 4,88888888888889 43,9726825238853
353 4,90277777777778 43,984028648245
354 4,91666666666667 43,9952633842852
355 4,93055555555556 44,0063874813248
356 4,94444444444444 44,0174016829985
357 4,95833333333333 44,0283067273123
358 4,97222222222222 44,0391033466996
359 4,98611111111111 44,0497922680749
360 5 44,0603742128887
361 5,01388888888889 44,0708498971805
362 5,02777777777778 44,0812200316313
363 5,04166666666667 44,0914853216156
364 5,05555555555556 44,101646467253
365 5,06944444444444 44,1117041634586
366 5,08333333333333 44,1216590999934
367 5,09722222222222 44,1315119615135
368 5,11111111111111 44,141263427619
369 5,125 44,1509141729024
370 5,13888888888889 44,1604648669965
371 5,15277777777778 44,1699161746207
372 5,16666666666667 44,1792687556284
373 5,18055555555556 44,1885232650525
374 5,19444444444444 44,197680353151
375 5,20833333333333 44,2067406654518
376 5,22222222222222 44,2157048427969
377 5,23611111111111 44,2245735213863
378 5,25 44,2333473328214
379 5,26388888888889 44,2420269041477
380 5,27777777777778 44,2506128578967
381 5,29166666666667 44,2591058121283
382 5,30555555555556 44,2675063804715
383 5,31944444444444 44,2758151721655
384 5,33333333333333 44,2840327920997
385 5,34722222222222 44,2921598408538
386 5,36111111111111 44,300196914737
387 5,375 44,3081446058273
388 5,38888888888889 44,3160035020088
389 5,40277777777778 44,3237741870113
390 5,41666666666667 44,3314572404465
391 5,43055555555556 44,339053237846
392 5,44444444444444 44,3465627506975
393 5,45833333333333 44,3539863464814
394 5,47222222222222 44,3613245887063
395 5,48611111111111 44,3685780369447
396 5,5 44,3757472468683
397 5,51388888888889 44,382832770282
398 5,52777777777778 44,3898351551588
399 5,54166666666667 44,3967549456732
400 5,55555555555556 44,4035926822349
401 5,56944444444444 44,4103489015219
402 5,58333333333333 44,4170241365135
403 5,59722222222222 44,4236189165221
404 5,61111111111111 44,4301337672255
405 5,625 44,4365692106987
406 5,63888888888889 44,442925765445
407 5,65277777777778 44,4492039464274
408 5,66666666666667 44,4554042650982
409 5,68055555555556 44,4615272294305
410 5,69444444444444 44,4675733439473
411 5,70833333333333 44,4735431097512
412 5,72222222222222 44,4794370245546
413 5,73611111111111 44,4852555827071
414 5,75 44,4909992752255
415 5,76388888888889 44,4966685898216
416 5,77777777777778 44,5022640109301
417 5,79166666666667 44,5077860197366
418 5,80555555555556 44,5132350942052
419 5,81944444444444 44,518611709105
420 5,83333333333333 44,5239163360376
421 5,84722222222222 44,5291494434634
422 5,86111111111111 44,5343114967277
423 5,875 44,5394029580871
424 5,88888888888889 44,5444242867348
425 5,90277777777778 44,5493759388264
426 5,91666666666667 44,5542583675046
427 5,93055555555556 44,559072022925
428 5,94444444444444 44,5638173522796
429 5,95833333333333 44,5684947998221
430 5,97222222222222 44,5731048068913
431 5,98611111111111 44,5776478119362
432 6 44,5821242505378
433 6,01388888888889 44,5865345554341
434 6,02777777777778 44,5908791565426
435 6,04166666666667 44,5951584809829
436 6,05555555555556 44,5993729531001
437 6,06944444444444 44,6035229944865
438 6,08333333333333 44,6076090240046
439 6,09722222222222 44,6116314578079
440 6,11111111111111 44,6155907093639
441 6,125 44,6194871894749
442 6,13888888888889 44,6233213062995
443 6,15277777777778 44,6270934653736
444 6,16666666666667 44,6308040696313
445 6,18055555555556 44,6344535194259
446 6,19444444444444 44,6380422125495
447 6,20833333333333 44,6415705442542
448 6,22222222222222 44,6450389072719
449 6,23611111111111 44,6484476918335
450 6,25 44,6517972856892
451 6,26388888888889 44,6550880741279
452 6,27777777777778 44,6583204399963
453 6,29166666666667 44,6614947637178
454 6,30555555555556 44,6646114233116
455 6,31944444444444 44,6676707944115
456 6,33333333333333 44,670673250284
457 6,34722222222222 44,6736191618469
458 6,36111111111111 44,6765088976876
459 6,375 44,6793428240805
460 6,38888888888889 44,6821213050053
461 6,40277777777778 44,6848447021643
462 6,41666666666667 44,6875133750003
463 6,43055555555556 44,6901276807129
464 6,44444444444444 44,6926879742768
465 6,45833333333333 44,6951946084579
466 6,47222222222222 44,6976479338302
467 6,48611111111111 44,7000482987928
468 6,5 44,7023960495859
469 6,51388888888889 44,7046915303072
470 6,52777777777778 44,7069350829283
471 6,54166666666667 44,70912704731
472 6,55555555555555 44,7112677612193
473 6,56944444444444 44,7133575603436
474 6,58333333333333 44,7153967783075
475 6,59722222222222 44,7173857466874
476 6,61111111111111 44,719324795027
477 6,625 44,7212142508526
478 6,63888888888889 44,7230544396876
479 6,65277777777778 44,7248456850672
480 6,66666666666667 44,7265883085542
481 6,68055555555555 44,7282826297518
482 6,69444444444444 44,7299289663197
483 6,70833333333333 44,7315276339868
484 6,72222222222222 44,7330789465667
485 6,73611111111111 44,7345832159706
486 6,75 44,7360407522219
487 6,76388888888889 44,7374518634696
488 6,77777777777778 44,7388168560019
489 6,79166666666667 44,7401360342597
490 6,80555555555556 44,7414097008502
491 6,81944444444444 44,7426381565597
492 6,83333333333333 44,7438217003669
493 6,84722222222222 44,7449606294563
494 6,86111111111111 44,7460552392305
495 6,875 44,7471058233229
496 6,88888888888889 44,748112673611
497 6,90277777777778 44,7490760802283
498 6,91666666666667 44,7499963315772
499 6,93055555555556 44,7508737143405
500 6,94444444444444 44,7517085134949
501 6,95833333333333 44,7525010123216
502 6,97222222222222 44,7532514924193
503 6,98611111111111 44,7539602337157
504 7 44,7546275144794
505 7,01388888888889 44,7552536113311
506 7,02777777777778 44,7558387992558
507 7,04166666666667 44,7563833516141
508 7,05555555555556 44,7568875401529
509 7,06944444444444 44,7573516350175
510 7,08333333333333 44,7577759047619
511 7,09722222222222 44,7581606163611
512 7,11111111111111 44,7585060352205
513 7,125 44,7588124251878
514 7,13888888888889 44,7590800485635
515 7,15277777777778 44,7593091661116
516 7,16666666666667 44,7595000370699
517 7,18055555555556 44,7596529191605
518 7,19444444444444 44,7597680686008
519 7,20833333333333 44,7598457401132
520 7,22222222222222 44,7598861869353
521 7,23611111111111 44,7598896608301
522 7,25 44,7598564120964
523 7,26388888888889 44,7597866895781
524 7,27777777777778 44,7596807406748
525 7,29166666666667 44,7595388113508
526 7,30555555555556 44,759361146145
527 7,31944444444444 44,7591479881814
528 7,33333333333333 44,7588995791771
529 7,34722222222222 44,7586161594529
530 7,36111111111111 44,7582979679422
531 7,375 44,7579452422003
532 7,38888888888889 44,7575582184138
533 7,40277777777778 44,7571371314094
534 7,41666666666667 44,7566822146636
535 7,43055555555556 44,7561937003105
536 7,44444444444445 44,7556718191518
537 7,45833333333333 44,7551168006654
538 7,47222222222222 44,7545288730136
539 7,48611111111111 44,7539082630524
540 7,5 44,7532551963396
541 7,51388888888889 44,7525698971439
542 7,52777777777778 44,7518525884528
543 7,54166666666667 44,7511034919812
544 7,55555555555556 44,7503228281799
545 7,56944444444445 44,7495108162437
546 7,58333333333333 44,7486676741194
547 7,59722222222222 44,7477936185141
548 7,61111111111111 44,7468888649034
549 7,625 44,745953627539
550 7,63888888888889 44,7449881194569
551 7,65277777777778 44,7439925524854
552 7,66666666666667 44,7429671372523
553 7,68055555555556 44,7419120831933
554 7,69444444444444 44,7408275985591
555 7,70833333333333 44,7397138904234
556 7,72222222222222 44,7385711646899
557 7,73611111111111 44,7373996261009
558 7,75 44,7361994782434
559 7,76388888888889 44,734970923557
560 7,77777777777778 44,7337141633414
561 7,79166666666667 44,7324293977635
562 7,80555555555556 44,7311168258644
563 7,81944444444444 44,7297766455666
564 7,83333333333333 44,7284090536813
565 7,84722222222222 44,7270142459149
566 7,86111111111111 44,7255924168767
567 7,875 44,724143760085
568 7,88888888888889 44,7226684679744
569 7,90277777777778 44,7211667319025
570 7,91666666666667 44,7196387421569
571 7,93055555555556 44,718084687961
572 7,94444444444444 44,7165047574817
573 7,95833333333333 44,7148991378353
574 7,97222222222222 44,7132680150944
575 7,98611111111111 44,711611574294
576 8 44,7099299994383
577 8,01388888888889 44,7082234735065
578 8,02777777777778 44,7064921784601
579 8,04166666666667 44,704736295248
580 8,05555555555556 44,7029560038138
581 8,06944444444444 44,701151483101
582 8,08333333333333 44,6993229110599
583 8,09722222222222 44,6974704646534
584 8,11111111111111 44,6955943198628
585 8,125 44,693694651694
586 8,13888888888889 44,6917716341838
587 8,15277777777778 44,6898254404049
588 8,16666666666667 44,6878562424727
589 8,18055555555556 44,6858642115504
590 8,19444444444444 44,6838495178551
591 8,20833333333333 44,6818123306635
592 8,22222222222222 44,6797528183176
593 8,23611111111111 44,67767114823
594 8,25 44,67556748689
595 8,26388888888889 44,6734419998686
596 8,27777777777778 44,6712948518245
597 8,29166666666667 44,6691262065092
598 8,30555555555556 44,6669362267727
599 8,31944444444444 44,6647250745685
600 8,33333333333333 44,6624929109592
601 8,34722222222222 44,6602398961219
602 8,36111111111111 44,6579661893535
603 8,375 44,6556719490751
604 8,38888888888889 44,6533573328384
605 8,40277777777778 44,6510224973299
606 8,41666666666667 44,6486675983766
607 8,43055555555556 44,6462927909506
608 8,44444444444444 44,6438982291745
609 8,45833333333333 44,641484066326
610 8,47222222222222 44,6390504548433
611 8,48611111111111 44,6365975463298
612 8,5 44,6341254915586
613 8,51388888888889 44,6316344404781
614 8,52777777777778 44,6291245422163
615 8,54166666666667 44,6265959450858
616 8,55555555555556 44,6240487965881
617 8,56944444444444 44,6214832434189
618 8,58333333333333 44,6188994314722
619 8,59722222222222 44,6162975058456
620 8,61111111111111 44,6136776108443
621 8,625 44,6110398899859
622 8,63888888888889 44,6083844860049
623 8,65277777777778 44,6057115408573
624 8,66666666666667 44,6030211957248
625 8,68055555555556 44,6003135910198
626 8,69444444444444 44,5975888663889
627 8,70833333333333 44,5948471607182
628 8,72222222222222 44,5920886121371
629 8,73611111111111 44,5893133580227
630 8,75 44,586521535004
631 8,76388888888889 44,5837132789665
632 8,77777777777778 44,5808887250561
633 8,79166666666667 44,5780480076833
634 8,80555555555556 44,5751912605274
635 8,81944444444444 44,5723186165408
636 8,83333333333333 44,5694302079527
637 8,84722222222222 44,5665261662737
638 8,86111111111111 44,5636066222993
639 8,875 44,5606717061143
640 8,88888888888889 44,5577215470966
641 8,90277777777778 44,5547562739211
642 8,91666666666667 44,5517760145638
643 8,93055555555556 44,5487808963058
644 8,94444444444444 44,5457710457366
645 8,95833333333333 44,5427465887588
646 8,97222222222222 44,539707650591
647 8,98611111111111 44,5366543557724
648 9 44,533586828166
649 9,01388888888889 44,5305051909625
650 9,02777777777778 44,5274095666844
651 9,04166666666667 44,5243000771889
652 9,05555555555556 44,5211768436723
653 9,06944444444444 44,5180399866731
654 9,08333333333333 44,5148896260762
655 9,09722222222222 44,5117258811158
656 9,11111111111111 44,5085488703794
657 9,125 44,5053587118113
658 9,13888888888889 44,5021555227159
659 9,15277777777778 44,4989394197615
660 9,16666666666667 44,4957105189833
661 9,18055555555556 44,4924689357876
662 9,19444444444444 44,4892147849543
663 9,20833333333333 44,485948180641
664 9,22222222222222 44,4826692363859
665 9,23611111111111 44,4793780651115
666 9,25 44,4760747791278
667 9,26388888888889 44,4727594901355
668 9,27777777777778 44,4694323092293
669 9,29166666666667 44,4660933469015
670 9,30555555555556 44,4627427130444
671 9,31944444444444 44,4593805169548
672 9,33333333333333 44,4560068673358
673 9,34722222222222 44,452621872301
674 9,36111111111111 44,449225639377
675 9,375 44,4458182755071
676 9,38888888888889 44,442399887054
677 9,40277777777778 44,4389705798029
678 9,41666666666667 44,4355304589647
679 9,43055555555556 44,432079629179
680 9,44444444444444 44,4286181945172
681 9,45833333333333 44,4251462584852
682 9,47222222222222 44,4216639240269
683 9,48611111111111 44,4181712935268
684 9,5 44,414668468813
685 9,51388888888889 44,41115555116
686 9,52777777777778 44,407632641292
687 9,54166666666667 44,4040998393853
688 9,55555555555556 44,4005572450717
689 9,56944444444444 44,3970049574407
690 9,58333333333333 44,3934430750431
691 9,59722222222222 44,3898716958931
692 9,61111111111111 44,3862909174714
693 9,625 44,3827008367283
694 9,63888888888889 44,3791015500855
695 9,65277777777778 44,3754931534401
696 9,66666666666667 44,3718757421664
697 9,68055555555556 44,3682494111189
698 9,69444444444444 44,364614254635
699 9,70833333333333 44,3609703665375
700 9,72222222222222 44,3573178401378
701 9,73611111111111 44,3536567682376
702 9,75 44,3499872431325
703 9,76388888888889 44,3463093566139
704 9,77777777777778 44,3426231999718
705 9,79166666666667 44,3389288639976
706 9,80555555555556 44,3352264389864
707 9,81944444444444 44,3315160147393
708 9,83333333333333 44,3277976805666
709 9,84722222222222 44,3240715252897
710 9,86111111111111 44,3203376372436
711 9,875 44,3165961042801
712 9,88888888888889 44,3128470137691
713 9,90277777777778 44,309090452602
714 9,91666666666667 44,3053265071938
715 9,93055555555556 44,3015552634853
716 9,94444444444444 44,2977768069458
717 9,95833333333333 44,2939912225752
718 9,97222222222222 44,2901985949067
719 9,98611111111111 44,2863990080088
720 10 44,2825925454881
721 10,0138888888889 44,2787792904907
722 10,0277777777778 44,2749593257058
723 10,0416666666667 44,2711327333669
724 10,0555555555556 44,2672995952546
725 10,0694444444444 44,2634599926986
726 10,0833333333333 44,2596140065805
727 10,0972222222222 44,255761717335
728 10,1111111111111 44,2519032049531
729 10,125 44,2480385489841
730 10,1388888888889 44,2441678285372
731 10,1527777777778 44,2402911222845
732 10,1666666666667 44,2364085084624
733 10,1805555555556 44,2325200648745
734 10,1944444444444 44,2286258688932
735 10,2083333333333 44,224725997462
736 10,2222222222222 44,2208205270973
737 10,2361111111111 44,2169095338912
738 10,25 44,2129930935132
739 10,2638888888889 44,2090712812118
740 10,2777777777778 44,2051441718175
741 10,2916666666667 44,2012118397441
742 10,3055555555556 44,197274358991
743 10,3194444444444 44,1933318031451
744 10,3333333333333 44,1893842453832
745 10,3472222222222 44,1854317584736
746 10,3611111111111 44,1814744147782
747 10,375 44,1775122862544
748 10,3888888888889 44,1735454444572
749 10,4027777777778 44,1695739605411
750 10,4166666666667 44,165597905262
751 10,4305555555556 44,1616173489791
752 10,4444444444444 44,1576323616568
753 10,4583333333333 44,1536430128671
754 10,4722222222222 44,1496493717906
755 10,4861111111111 44,1456515072187
756 10,5 44,1416494875562
757 10,5138888888889 44,1376433808221
758 10,5277777777778 44,1336332546521
759 10,5416666666667 44,1296191763001
760 10,5555555555556 44,1256012126403
761 10,5694444444444 44,1215794301689
762 10,5833333333333 44,1175538950056
763 10,5972222222222 44,113524672896
764 10,6111111111111 44,109491829213
765 10,625 44,1054554289585
766 10,6388888888889 44,1014155367653
767 10,6527777777778 44,0973722168989
768 10,6666666666667 44,0933255332592
769 10,6805555555556 44,0892755493821
770 10,6944444444444 44,0852223284414
771 10,7083333333333 44,0811659332503
772 10,7222222222222 44,0771064262634
773 10,7361111111111 44,0730438695782
774 10,75 44,0689783249365
775 10,7638888888889 44,0649098537268
776 10,7777777777778 44,0608385169853
777 10,7916666666667 44,0567643753977
778 10,8055555555556 44,0526874893011
779 10,8194444444444 44,0486079186851
780 10,8333333333333 44,0445257231942
781 10,8472222222222 44,0404409621286
782 10,8611111111111 44,0363536944466
783 10,875 44,0322639787652
784 10,8888888888889 44,0281718733626
785 10,9027777777778 44,0240774361795
786 10,9166666666667 44,0199807248204
787 10,9305555555556 44,0158817965552
788 10,9444444444444 44,0117807083214
789 10,9583333333333 44,0076775167244
790 10,9722222222222 44,0035722780406
791 10,9861111111111 43,9994650482174
792 11 43,9953558828756
793 11,0138888888889 43,9912448373108
794 11,0277777777778 43,9871319664946
795 11,0416666666667 43,9830173250765
796 11,0555555555556 43,9789009673849
797 11,0694444444444 43,974782947429
798 11,0833333333333 43,9706633189
799 11,0972222222222 43,9665421351725
800 11,1111111111111 43,9624194493064
801 11,125 43,9582953140476
802 11,1388888888889 43,9541697818303
803 11,1527777777778 43,9500429047776
804 11,1666666666667 43,9459147347032
805 11,1805555555556 43,9417853231132
806 11,1944444444444 43,9376547212069
807 11,2083333333333 43,9335229798788
808 11,2222222222222 43,929390149719
809 11,2361111111111 43,9252562810158
810 11,25 43,9211214237562
811 11,2638888888889 43,9169856276276
812 11,2777777777778 43,9128489420191
813 11,2916666666667 43,9087114160226
814 11,3055555555556 43,9045730984345
815 11,3194444444444 43,9004340377571
816 11,3333333333333 43,8962942821993
817 11,3472222222222 43,8921538796785
818 11,3611111111111 43,8880128778216
819 11,375 43,8838713239667
820 11,3888888888889 43,8797292651637
821 11,4027777777778 43,8755867481763
822 11,4166666666667 43,8714438194828
823 11,4305555555556 43,8673005252774
824 11,4444444444444 43,8631569114718
825 11,4583333333333 43,8590130236962
826 11,4722222222222 43,8548689073006
827 11,4861111111111 43,8507246073558
828 11,5 43,8465801686552
829 11,5138888888889 43,8424356357155
830 11,5277777777778 43,838291052778
831 11,5416666666667 43,8341464638102
832 11,5555555555556 43,8300019125066
833 11,5694444444444 43,8258574422898
834 11,5833333333333 43,8217130963124
835 11,5972222222222 43,8175689174573
836 11,6111111111111 43,8134249483394
837 11,625 43,8092812313069
838 11,6388888888889 43,8051378084419
839 11,6527777777778 43,8009947215619
840 11,6666666666667 43,7968520122213
841 11,6805555555556 43,792709721712
842 11,6944444444444 43,7885678910645
843 11,7083333333333 43,7844265610497
844 11,7222222222222 43,7802857721793
845 11,7361111111111 43,7761455647075
846 11,75 43,7720059786315
847 11,7638888888889 43,7678670536933
848 11,7777777777778 43,7637288293804
849 11,7916666666667 43,7595913449267
850 11,8055555555556 43,7554546393142
851 11,8194444444444 43,7513187512737
852 11,8333333333333 43,7471837192857
853 11,8472222222222 43,743049581582
854 11,8611111111111 43,7389163761464
855 11,875 43,7347841407158
856 11,8888888888889 43,7306529127812
857 11,9027777777778 43,7265227295891
858 11,9166666666667 43,7223936281421
859 11,9305555555556 43,7182656452005
860 11,9444444444444 43,7141388172826
861 11,9583333333333 43,7100131806663
862 11,9722222222222 43,7058887713899
863 11,9861111111111 43,7017656252534
864 12 43,6976437778189
865 12,0138888888889 43,6935232644122
866 12,0277777777778 43,6894041201238
867 12,0416666666667 43,6852863798092
868 12,0555555555556 43,681170078091
869 12,0694444444444 43,6770552493588
870 12,0833333333333 43,6729419277711
871 12,0972222222222 43,6688301472553
872 12,1111111111111 43,6647199415098
873 12,125 43,660611344004
874 12,1388888888889 43,6565043879798
875 12,1527777777778 43,6523991064525
876 12,1666666666667 43,6482955322113
877 12,1805555555556 43,6441936978212
878 12,1944444444444 43,640093635623
879 12,2083333333333 43,6359953777344
880 12,2222222222222 43,6318989560516
881 12,2361111111111 43,6278044022494
882 12,25 43,6237117477828
883 12,2638888888889 43,6196210238872
884 12,2777777777778 43,6155322615801
885 12,2916666666667 43,6114454916614
886 12,3055555555556 43,6073607447146
887 12,3194444444444 43,6032780511077
888 12,3333333333333 43,5991974409939
889 12,3472222222222 43,5951189443127
890 12,3611111111111 43,5910425907907
891 12,375 43,5869684099424
892 12,3888888888889 43,5828964310715
893 12,4027777777778 43,5788266832708
894 12,4166666666667 43,5747591954245
895 12,4305555555556 43,5706939962076
896 12,4444444444444 43,5666311140877
897 12,4583333333333 43,5625705773257
898 12,4722222222222 43,5585124139764
899 12,4861111111111 43,5544566518895
900 12,5 43,5504033187104
901 12,5138888888889 43,5463524418812
902 12,5277777777778 43,5423040486411
903 12,5416666666667 43,5382581660278
904 12,5555555555556 43,5342148208782
905 12,5694444444444 43,5301740398286
906 12,5833333333333 43,5261358493163
907 12,5972222222222 43,52210027558
908 12,6111111111111 43,5180673446609
909 12,625 43,514037082403
910 12,6388888888889 43,5100095144545
911 12,6527777777778 43,5059846662682
912 12,6666666666667 43,5019625631024
913 12,6805555555556 43,4979432300217
914 12,6944444444444 43,4939266918978
915 12,7083333333333 43,4899129734102
916 12,7222222222222 43,4859020990471
917 12,7361111111111 43,4818940931061
918 12,75 43,477888979695
919 12,7638888888889 43,4738867827325
920 12,7777777777778 43,469887525949
921 12,7916666666667 43,4658912328873
922 12,8055555555556 43,4618979269037
923 12,8194444444444 43,4579076311681
924 12,8333333333333 43,4539203686654
925 12,8472222222222 43,4499361621957
926 12,8611111111111 43,4459550343755
927 12,875 43,4419770076381
928 12,8888888888889 43,4380021042347
929 12,9027777777778 43,4340303462345
930 12,9166666666667 43,4300617555259
931 12,9305555555556 43,4260963538176
932 12,9444444444444 43,4221341626384
933 12,9583333333333 43,4181752033383
934 12,9722222222222 43,4142194970896
935 12,9861111111111 43,410267064887
936 13 43,4063179275489
937 13,0138888888889 43,4023721057173
938 13,0277777777778 43,3984296198596
939 13,0416666666667 43,3944904902681
940 13,0555555555556 43,3905547370616
941 13,0694444444444 43,3866223801857
942 13,0833333333333 43,3826934394135
943 13,0972222222222 43,3787679343462
944 13,1111111111111 43,3748458844141
945 13,125 43,370927308877
946 13,1388888888889 43,3670122268247
947 13,1527777777778 43,3631006571782
948 13,1666666666667 43,35919261869
949 13,1805555555556 43,3552881299445
950 13,1944444444444 43,3513872093597
951 13,2083333333333 43,3474898751862
952 13,2222222222222 43,3435961455096
953 13,2361111111111 43,3397060382498
954 13,25 43,3358195711623
955 13,2638888888889 43,3319367618389
956 13,2777777777778 43,328057627708
957 13,2916666666667 43,3241821860353
958 13,3055555555556 43,3203104539248
959 13,3194444444444 43,3164424483188
960 13,3333333333333 43,312578185999
961 13,3472222222222 43,3087176835871
962 13,3611111111111 43,3048609575454
963 13,375 43,301008024177
964 13,3888888888889 43,2971588996269
965 13,4027777777778 43,2933135998826
966 13,4166666666667 43,2894721407743
967 13,4305555555556 43,285634537976
968 13,4444444444444 43,2818008070059
969 13,4583333333333 43,2779709632266
970 13,4722222222222 43,2741450218466
971 13,4861111111111 43,2703229979197
972 13,5 43,2665049063471
973 13,5138888888889 43,2626907618763
974 13,5277777777778 43,258880579103
975 13,5416666666667 43,2550743724713
976 13,5555555555556 43,2512721562737
977 13,5694444444444 43,2474739446526
978 13,5833333333333 43,2436797516002
979 13,5972222222222 43,2398895909597
980 13,6111111111111 43,2361034764249
981 13,625 43,2323214215416
982 13,6388888888889 43,2285434397081
983 13,6527777777778 43,2247695441752
984 13,6666666666667 43,2209997480477
985 13,6805555555556 43,2172340642837
986 13,6944444444444 43,2134725056962
987 13,7083333333333 43,2097150849533
988 13,7222222222222 43,2059618145787
989 13,7361111111111 43,2022127069521
990 13,75 43,1984677743103
991 13,7638888888889 43,194727028747
992 13,7777777777778 43,1909904822139
993 13,7916666666667 43,1872581465209
994 13,8055555555556 43,1835300333369
995 13,8194444444444 43,1798061541901
996 13,8333333333333 43,1760865204688
997 13,8472222222222 43,1723711434214
998 13,8611111111111 43,1686600341577
999 13,875 43,1649532036486
1000 13,8888888888889 43,1612506627273
1001 13,9027777777778 43,1575524220895
1002 13,9166666666667 43,1538584922938
1003 13,9305555555556 43,1501688837626
1004 13,9444444444444 43,1464836067818
1005 13,9583333333333 43,1428026715026
1006 13,9722222222222 43,1391260879406
1007 13,9861111111111 43,1354538659777
1008 14 43,1317860153613
1009 14,0138888888889 43,1281225457054
1010 14,0277777777778 43,1244634664914
1011 14,0416666666667 43,1208087870681
1012 14,0555555555556 43,1171585166519
1013 14,0694444444444 43,1135126643287
1014 14,0833333333333 43,1098712390525
1015 14,0972222222222 43,1062342496473
1016 14,1111111111111 43,1026017048069
1017 14,125 43,0989736130956
1018 14,1388888888889 43,0953499829487
1019 14,1527777777778 43,0917308226729
1020 14,1666666666667 43,0881161404468
1021 14,1805555555556 43,0845059443211
1022 14,1944444444444 43,0809002422196
1023 14,2083333333333 43,0772990419396
1024 14,2222222222222 43,0737023511516
1025 14,2361111111111 43,0701101774008
1026 14,25 43,0665225281067
1027 14,2638888888889 43,0629394105643
1028 14,2777777777778 43,059360831944
1029 14,2916666666667 43,0557867992922
1030 14,3055555555556 43,0522173195319
1031 14,3194444444444 43,048652399463
1032 14,3333333333333 43,0450920457628
1033 14,3472222222222 43,0415362649865
1034 14,3611111111111 43,0379850635673
1035 14,375 43,0344384478176
1036 14,3888888888889 43,0308964239288
1037 14,4027777777778 43,0273589979715
1038 14,4166666666667 43,0238261758968
1039 14,4305555555556 43,0202979635362
1040 14,4444444444444 43,016774366602
1041 14,4583333333333 43,0132553906877
1042 14,4722222222222 43,009741041269
1043 14,4861111111111 43,0062313237033
1044 14,5 43,0027262432309
1045 14,5138888888889 42,9992258049751
1046 14,5277777777778 42,9957300139424
1047 14,5416666666667 42,9922388750237
1048 14,5555555555556 42,9887523929936
1049 14,5694444444444 42,9852705725118
1050 14,5833333333333 42,9817934181229
1051 14,5972222222222 42,9783209342572
1052 14,6111111111111 42,9748531252308
1053 14,625 42,9713899952462
1054 14,6388888888889 42,9679315483927
1055 14,6527777777778 42,9644777886466
1056 14,6666666666667 42,9610287198718
1057 14,6805555555556 42,9575843458205
1058 14,6944444444444 42,9541446701326
1059 14,7083333333333 42,9507096963373
1060 14,7222222222222 42,9472794278526
1061 14,7361111111111 42,9438538679865
1062 14,75 42,9404330199363
1063 14,7638888888889 42,9370168867901
1064 14,7777777777778 42,9336054715265
1065 14,7916666666667 42,9301987770153
1066 14,8055555555556 42,9267968060177
1067 14,8194444444444 42,9233995611868
1068 14,8333333333333 42,9200070450679
1069 14,8472222222222 42,9166192600989
1070 14,8611111111111 42,9132362086109
1071 14,875 42,9098578928282
1072 14,8888888888889 42,9064843148688
1073 14,9027777777778 42,903115476745
1074 14,9166666666667 42,8997513803635
1075 14,9305555555556 42,8963920275257
1076 14,9444444444444 42,8930374199286
1077 14,9583333333333 42,8896875591647
1078 14,9722222222222 42,8863424467222
1079 14,9861111111111 42,883002083986
1080 15 42,8796664722372
1081 15,0138888888889 42,8763356126546
1082 15,0277777777778 42,8730095063138
1083 15,0416666666667 42,8696881541886
1084 15,0555555555556 42,8663715571507
1085 15,0694444444444 42,8630597159703
1086 15,0833333333333 42,8597526313167
1087 15,0972222222222 42,8564503037579
1088 15,1111111111111 42,8531527337618
1089 15,125 42,8498599216961
1090 15,1388888888889 42,8465718678286
1091 15,1527777777778 42,8432885723279
1092 15,1666666666667 42,8400100352632
1093 15,1805555555556 42,8367362566053
1094 15,1944444444444 42,8334672362265
1095 15,2083333333333 42,8302029739008
1096 15,2222222222222 42,8269434693049
1097 15,2361111111111 42,8236887220174
1098 15,25 42,8204387315208
1099 15,2638888888889 42,8171934972002
1100 15,2777777777778 42,8139530183446
1101 15,2916666666667 42,8107172941468
1102 15,3055555555556 42,8074863237037
1103 15,3194444444444 42,8042601060174
1104 15,3333333333333 42,8010386399944
1105 15,3472222222222 42,7978219244465
1106 15,3611111111111 42,7946099580913
1107 15,375 42,7914027395523
1108 15,3888888888889 42,7882002673588
1109 15,4027777777778 42,785002539947
1110 15,4166666666667 42,7818095556601
1111 15,4305555555556 42,7786213127481
1112 15,4444444444444 42,7754378093687
1113 15,4583333333333 42,7722590435873
1114 15,4722222222222 42,7690850133775
1115 15,4861111111111 42,7659157166214
1116 15,5 42,7627511511096
1117 15,5138888888889 42,7595913145419
1118 15,5277777777778 42,7564362045276
1119 15,5416666666667 42,7532858185852
1120 15,5555555555556 42,7501401541439
1121 15,5694444444444 42,7469992085422
1122 15,5833333333333 42,7438629790301
1123 15,5972222222222 42,740731462768
1124 15,6111111111111 42,7376046568275
1125 15,625 42,7344825581919
1126 15,6388888888889 42,7313651637557
1127 15,6527777777778 42,7282524703262
1128 15,6666666666667 42,7251444746227
1129 15,6805555555556 42,722041173277
1130 15,6944444444444 42,7189425628342
1131 15,7083333333333 42,7158486397524
1132 15,7222222222222 42,7127594004032
1133 15,7361111111111 42,7096748410723
1134 15,75 42,7065949579591
1135 15,7638888888889 42,7035197471778
1136 15,7777777777778 42,7004492047569
1137 15,7916666666667 42,6973833266402
1138 15,8055555555556 42,6943221086865
1139 15,8194444444444 42,6912655466702
1140 15,8333333333333 42,6882136362816
1141 15,8472222222222 42,6851663731268
1142 15,8611111111111 42,6821237527287
1143 15,875 42,6790857705265
1144 15,8888888888889 42,6760524218765
1145 15,9027777777778 42,6730237020519
1146 15,9166666666667 42,6699996062438
1147 15,9305555555556 42,6669801295608
1148 15,9444444444444 42,6639652670294
1149 15,9583333333333 42,6609550135947
1150 15,9722222222222 42,6579493641199
1151 15,9861111111111 42,6549483133875
1152 16 42,6519518560987
1153 16,0138888888889 42,6489599868743
1154 16,0277777777778 42,6459727002547
1155 16,0416666666667 42,6429899906998
1156 16,0555555555556 42,6400118525902
1157 16,0694444444444 42,6370382802267
1158 16,0833333333333 42,6340692678304
1159 16,0972222222222 42,631104809544
1160 16,1111111111111 42,6281448994306
1161 16,125 42,6251895314755
1162 16,1388888888889 42,6222386995853
1163 16,1527777777778 42,6192923975884
1164 16,1666666666667 42,6163506192357
1165 16,1805555555556 42,6134133582004
1166 16,1944444444444 42,6104806080786
1167 16,2083333333333 42,6075523623891
1168 16,2222222222222 42,6046286145742
1169 16,2361111111111 42,6017093579993
1170 16,25 42,5987945859537
1171 16,2638888888889 42,5958842916508
1172 16,2777777777778 42,5929784682278
1173 16,2916666666667 42,590077108747
1174 16,3055555555556 42,5871802061947
1175 16,3194444444444 42,5842877534824
1176 16,3333333333333 42,581399743447
1177 16,3472222222222 42,5785161688504
1178 16,3611111111111 42,5756370223805
1179 16,375 42,572762296651
1180 16,3888888888889 42,5698919842016
1181 16,4027777777778 42,5670260774985
1182 16,4166666666667 42,5641645689344
1183 16,4305555555556 42,5613074508291
1184 16,4444444444444 42,5584547154291
1185 16,4583333333333 42,5556063549085
1186 16,4722222222222 42,5527623613689
1187 16,4861111111111 42,5499227268394
1188 16,5 42,5470874432776
1189 16,5138888888889 42,5442565025689
1190 16,5277777777778 42,5414298965273
1191 16,5416666666667 42,5386076168956
1192 16,5555555555556 42,5357896553455
1193 16,5694444444444 42,5329760034775
1194 16,5833333333333 42,5301666528219
1195 16,5972222222222 42,5273615948385
1196 16,6111111111111 42,5245608209168
1197 16,625 42,5217643223764
1198 16,6388888888889 42,5189720904671
1199 16,6527777777778 42,5161841163692
1200 16,6666666666667 42,5134003911939
1201 16,6805555555556 42,510620905983
1202 16,6944444444444 42,5078456517096
1203 16,7083333333333 42,5050746192783
1204 16,7222222222222 42,5023077995248
1205 16,7361111111111 42,4995451832172
1206 16,75 42,4967867610553
1207 16,7638888888889 42,494032523671
1208 16,7777777777778 42,4912824616287
1209 16,7916666666667 42,4885365654256
1210 16,8055555555556 42,4857948254916
1211 16,8194444444444 42,4830572321897
1212 16,8333333333333 42,4803237758163
1213 16,8472222222222 42,4775944466009
1214 16,8611111111111 42,4748692347072
1215 16,875 42,4721481302323
1216 16,8888888888889 42,4694311232078
1217 16,9027777777778 42,4667182035993
1218 16,9166666666667 42,4640093613073
1219 16,9305555555556 42,4613045861666
1220 16,9444444444444 42,4586038679471
1221 16,9583333333333 42,4559071963538
1222 16,9722222222222 42,4532145610271
1223 16,9861111111111 42,4505259515427
1224 17 42,4478413574124
1225 17,0138888888889 42,4451607680836
1226 17,0277777777778 42,4424841729398
1227 17,0416666666667 42,4398115613012
1228 17,0555555555556 42,4371429224239
1229 17,0694444444444 42,4344782455013
1230 17,0833333333333 42,4318175196634
1231 17,0972222222222 42,4291607339775
1232 17,1111111111111 42,4265078774478
1233 17,125 42,4238589390165
1234 17,1388888888889 42,421213907563
1235 17,1527777777778 42,4185727719048
1236 17,1666666666667 42,4159355207977
1237 17,1805555555556 42,4133021429353
1238 17,1944444444444 42,4106726269498
1239 17,2083333333333 42,4080469614123
1240 17,2222222222222 42,4054251348322
1241 17,2361111111111 42,4028071356584
1242 17,25 42,4001929522787
1243 17,2638888888889 42,3975825730203
1244 17,2777777777778 42,3949759861502
1245 17,2916666666667 42,3923731798747
1246 17,3055555555556 42,3897741423404
1247 17,3194444444444 42,3871788616339
1248 17,3333333333333 42,3845873257821
1249 17,3472222222222 42,3819995227523
1250 17,3611111111111 42,3794154404525
1251 17,375 42,3768350667316
1252 17,3888888888889 42,3742583893794
1253 17,4027777777778 42,371685396127
1254 17,4166666666667 42,3691160746468
1255 17,4305555555556 42,3665504125527
1256 17,4444444444444 42,3639883974004
1257 17,4583333333333 42,3614300166874
1258 17,4722222222222 42,3588752578536
1259 17,4861111111111 42,3563241082807
1260 17,5 42,3537765552929
1261 17,5138888888889 42,3512325861575
1262 17,5277777777778 42,3486921880837
1263 17,5416666666667 42,3461553482244
1264 17,5555555555556 42,3436220536753
1265 17,5694444444444 42,3410922914754
1266 17,5833333333333 42,3385660486071
1267 17,5972222222222 42,3360433119965
1268 17,6111111111111 42,3335240685135
1269 17,625 42,3310083049718
1270 17,6388888888889 42,3284960081293
1271 17,6527777777778 42,3259871646885
1272 17,6666666666667 42,3234817612958
1273 17,6805555555556 42,3209797845426
1274 17,6944444444444 42,3184812209649
1275 17,7083333333333 42,3159860570438
1276 17,7222222222222 42,3134942792054
1277 17,7361111111111 42,3110058738211
1278 17,75 42,3085208272078
1279 17,7638888888889 42,3060391256278
1280 17,7777777777778 42,3035607552896
1281 17,7916666666667 42,301085702347
1282 17,8055555555556 42,2986139529004
1283 17,8194444444444 42,2961454929961
1284 17,8333333333333 42,293680308627
1285 17,8472222222222 42,2912183857324
1286 17,8611111111111 42,2887597101985
1287 17,875 42,2863042678583
1288 17,8888888888889 42,2838520444916
1289 17,9027777777778 42,2814030258256
1290 17,9166666666667 42,278957197535
1291 17,9305555555556 42,2765145452416
1292 17,9444444444444 42,2740750545151
1293 17,9583333333333 42,2716387108728
1294 17,9722222222222 42,2692054997802
1295 17,9861111111111 42,2667754066507
1296 18 42,264348416846
1297 18,0138888888889 42,2619245156763
1298 18,0277777777778 42,2595036884003
1299 18,0416666666667 42,2570859202252
1300 18,0555555555556 42,2546711963074
1301 18,0694444444444 42,252259501752
1302 18,0833333333333 42,2498508216133
1303 18,0972222222222 42,2474451408952
1304 18,1111111111111 42,2450424445506
1305 18,125 42,2426427174823
1306 18,1388888888889 42,2402459445427
1307 18,1527777777778 42,237852110534
1308 18,1666666666667 42,2354612002086
1309 18,1805555555556 42,2330731982691
1310 18,1944444444444 42,230688089368
1311 18,2083333333333 42,228305858109
1312 18,2222222222222 42,2259264890455
1313 18,2361111111111 42,2235499666824
1314 18,25 42,2211762754751
1315 18,2638888888889 42,21880539983
1316 18,2777777777778 42,2164373241047
1317 18,2916666666667 42,2140720326084
1318 18,3055555555556 42,2117095096013
1319 18,3194444444444 42,2093497392954
1320 18,3333333333333 42,2069927058545
1321 18,3472222222222 42,204638393394
1322 18,3611111111111 42,2022867859815
1323 18,375 42,1999378676367
1324 18,3888888888889 42,1975916223314
1325 18,4027777777778 42,19524803399
1326 18,4166666666667 42,1929070864895
1327 18,4305555555556 42,1905687636593
1328 18,4444444444444 42,1882330492817
1329 18,4583333333333 42,1858999270921
1330 18,4722222222222 42,1835693807788
1331 18,4861111111111 42,1812413939833
1332 18,5 42,1789159503006
1333 18,5138888888889 42,1765930332791
1334 18,5277777777778 42,1742726264206
1335 18,5416666666667 42,1719547131809
1336 18,5555555555556 42,1696392769696
1337 18,5694444444444 42,1673263011502
1338 18,5833333333333 42,1650157690403
1339 18,5972222222222 42,1627076639118
1340 18,6111111111111 42,1604019689912
1341 18,625 42,1580986674591
1342 18,6388888888889 42,155797742451
1343 18,6527777777778 42,1534991770572
1344 18,6666666666667 42,1512029543226
1345 18,6805555555556 42,1489090572474
1346 18,6944444444444 42,1466174687867
1347 18,7083333333333 42,1443281718512
1348 18,7222222222222 42,1420411493065
1349 18,7361111111111 42,1397563839742
1350 18,75 42,1374738586314
1351 18,7638888888889 42,1351935560106
1352 18,7777777777778 42,1329154588006
1353 18,7916666666667 42,1306395496461
1354 18,8055555555556 42,1283658111478
1355 18,8194444444444 42,1260942258629
1356 18,8333333333333 42,1238247763047
1357 18,8472222222222 42,121557444943
1358 18,8611111111111 42,1192922142044
1359 18,875 42,1170290664722
1360 18,8888888888889 42,1147679840864
1361 18,9027777777778 42,1125089493439
1362 18,9166666666667 42,1102519444991
1363 18,9305555555556 42,1079969517631
1364 18,9444444444444 42,1057439533046
1365 18,9583333333333 42,1034929312498
1366 18,9722222222222 42,1012438676822
1367 18,9861111111111 42,0989967446431
1368 19 42,0967515441318
1369 19,0138888888889 42,094508248105
1370 19,0277777777778 42,0922668384778
1371 19,0416666666667 42,0900272971234
1372 19,0555555555556 42,0877896058731
1373 19,0694444444444 42,0855537465167
1374 19,0833333333333 42,0833197008024
1375 19,0972222222222 42,0810874504369
1376 19,1111111111111 42,0788569770858
1377 19,125 42,0766282623733
1378 19,1388888888889 42,0744012878827
1379 19,1527777777778 42,0721760351561
1380 19,1666666666667 42,0699524856951
1381 19,1805555555556 42,06773062096
1382 19,1944444444444 42,0655104223711
1383 19,2083333333333 42,0632918713077
1384 19,2222222222222 42,0610749491091
1385 19,2361111111111 42,0588596370736
1386 19,25 42,05664591646
1387 19,2638888888889 42,0544337684867
1388 19,2777777777778 42,0522231743322
1389 19,2916666666667 42,0500141151349
1390 19,3055555555556 42,0478065719938
1391 19,3194444444444 42,0456005259679
1392 19,3333333333333 42,0433959580768
1393 19,3472222222222 42,0411928493007
1394 19,3611111111111 42,0389911805801
1395 19,375 42,0367909328168
1396 19,3888888888889 42,034592086873
1397 19,4027777777778 42,0323946235721
1398 19,4166666666667 42,0301985236985
1399 19,4305555555556 42,0280037679978
1400 19,4444444444444 42,0258103371768
1401 19,4583333333333 42,0236182119038
1402 19,4722222222222 42,0214273728084
1403 19,4861111111111 42,0192378004819
1404 19,5 42,0170494754774
1405 19,5138888888889 42,0148623783095
1406 19,5277777777778 42,0126764894549
1407 19,5416666666667 42,0104917893521
1408 19,5555555555556 42,0083082584019
1409 19,5694444444444 42,0061258769672
1410 19,5833333333333 42,0039446253732
1411 19,5972222222222 42,0017644839073
1412 19,6111111111111 41,9995854328196
1413 19,625 41,9974074523227
1414 19,6388888888889 41,9952305225919
1415 19,6527777777778 41,9930546237652
1416 19,6666666666667 41,9908797359436
1417 19,6805555555556 41,9887058391909
1418 19,6944444444444 41,9865329135342
1419 19,7083333333333 41,9843609389635
1420 19,7222222222222 41,9821898954322
1421 19,7361111111111 41,980019762857
1422 19,75 41,977850521118
1423 19,7638888888889 41,9756821500591
1424 19,7777777777778 41,9735146294876
1425 19,7916666666667 41,9713479391745
1426 19,8055555555556 41,9691820588548
1427 19,8194444444444 41,9670169682271
1428 19,8333333333333 41,9648526469544
1429 19,8472222222222 41,9626890746637
1430 19,8611111111111 41,9605262309461
1431 19,875 41,9583640953569
1432 19,8888888888889 41,9562026474159
1433 19,9027777777778 41,9540418666074
1434 19,9166666666667 41,9518817323803
1435 19,9305555555556 41,949722224148
1436 19,9444444444444 41,9475633212887
1437 19,9583333333333 41,9454050031455
1438 19,9722222222222 41,9432472490263
1439 19,9861111111111 41,9410900382041
1440 20 41,9389333499171
1441 20,0138888888889 41,9367771633685
1442 20,0277777777778 41,9346214577269
1443 20,0416666666667 41,9324662121261
1444 20,0555555555556 41,9303114056655
1445 20,0694444444444 41,9281570174101
1446 20,0833333333333 41,9260030263903
1447 20,0972222222222 41,9238494116026
1448 20,1111111111111 41,9216961520088
1449 20,125 41,9195432265371
1450 20,1388888888889 41,9173906140811
1451 20,1527777777778 41,9152382935012
1452 20,1666666666667 41,9130862436231
1453 20,1805555555556 41,9109344432394
1454 20,1944444444444 41,9087828711088
1455 20,2083333333333 41,9066315059563
1456 20,2222222222222 41,9044803264735
1457 20,2361111111111 41,9023293113184
1458 20,25 41,900178439116
1459 20,2638888888889 41,8980276884577
1460 20,2777777777778 41,8958770379018
1461 20,2916666666667 41,8937264659734
1462 20,3055555555556 41,891575951165
1463 20,3194444444444 41,8894254719357
1464 20,3333333333333 41,8872750067119
1465 20,3472222222222 41,8851245338874
1466 20,3611111111111 41,882974031823
1467 20,375 41,8808234788472
1468 20,3888888888889 41,8786728532557
1469 20,4027777777778 41,8765221333119
1470 20,4166666666667 41,874371297247
1471 20,4305555555556 41,8722203232593
1472 20,4444444444444 41,8700691895156
1473 20,4583333333333 41,8679178741503
1474 20,4722222222222 41,8657663552655
1475 20,4861111111111 41,8636146109317
1476 20,5 41,8614626191873
1477 20,5138888888889 41,859310358039
1478 20,5277777777778 41,8571578054616
1479 20,5416666666667 41,8550049393984
1480 20,5555555555556 41,8528517377611
1481 20,5694444444444 41,8506981784297
1482 20,5833333333333 41,848544239253
1483 20,5972222222222 41,8463898980484
1484 20,6111111111111 41,844235132602
1485 20,625 41,8420799206684
1486 20,6388888888889 41,8399242399716
1487 20,6527777777778 41,8377680682043
1488 20,6666666666667 41,8356113830282
1489 20,6805555555556 41,833454162074
1490 20,6944444444444 41,8312963829419
1491 20,7083333333333 41,8291380232009
1492 20,7222222222222 41,8269790603897
1493 20,7361111111111 41,8248194720163
1494 20,75 41,8226592355581
1495 20,7638888888889 41,820498328462
1496 20,7777777777778 41,8183367281446
1497 20,7916666666667 41,8161744119922
1498 20,8055555555556 41,8140113573608
1499 20,8194444444444 41,8118475415763
1500 20,8333333333333 41,8096829419344
1501 20,8472222222222 41,8075175357009
1502 20,8611111111111 41,8053513001116
1503 20,875 41,8031842123724
1504 20,8888888888889 41,8010162496593
1505 20,9027777777778 41,7988473891188
1506 20,9166666666667 41,7966776078674
1507 20,9305555555556 41,7945068829924
1508 20,9444444444444 41,7923351915512
1509 20,9583333333333 41,7901625105719
1510 20,9722222222222 41,7879888170533
1511 20,9861111111111 41,7858140879648
1512 21 41,7836383002463
1513 21,0138888888889 41,781461430809
1514 21,0277777777778 41,7792834565346
1515 21,0416666666667 41,7771043542759
1516 21,0555555555556 41,7749241008567
1517 21,0694444444444 41,772742673072
1518 21,0833333333333 41,7705600476876
1519 21,0972222222222 41,7683762014411
1520 21,1111111111111 41,7661911110407
1521 21,125 41,7640047531667
1522 21,1388888888889 41,7618171044702
1523 21,1527777777778 41,759628141574
1524 21,1666666666667 41,7574378410726
1525 21,1805555555556 41,755246179532
1526 21,1944444444444 41,7530531334898
1527 21,2083333333333 41,7508586794555
1528 21,2222222222222 41,7486627939105
1529 21,2361111111111 41,7464654533077
1530 21,25 41,7442666340724
1531 21,2638888888889 41,7420663126015
1532 21,2777777777778 41,7398644652644
1533 21,2916666666667 41,7376610684023
1534 21,3055555555556 41,7354560983287
1535 21,3194444444444 41,7332495313295
1536 21,3333333333333 41,7310413436627
1537 21,3472222222222 41,7288315115589
1538 21,3611111111111 41,7266200112211
1539 21,375 41,7244068188247
1540 21,3888888888889 41,7221919105179
1541 21,4027777777778 41,7199752624212
1542 21,4166666666667 41,7177568506282
1543 21,4305555555556 41,7155366512051
1544 21,4444444444444 41,7133146401907
1545 21,4583333333333 41,7110907935972
1546 21,4722222222222 41,7088650874093
1547 21,4861111111111 41,7066374975848
1548 21,5 41,7044080000548
1549 21,5138888888889 41,7021765707233
1550 21,5277777777778 41,6999431854676
1551 21,5416666666667 41,6977078201382
1552 21,5555555555556 41,6954704505589
1553 21,5694444444444 41,693231052527
1554 21,5833333333333 41,6909896018131
1555 21,5972222222222 41,6887460741613
1556 21,6111111111111 41,6865004452893
1557 21,625 41,6842526908884
1558 21,6388888888889 41,6820027866237
1559 21,6527777777778 41,6797507081336
1560 21,6666666666667 41,6774964310308
1561 21,6805555555556 41,6752399309015
1562 21,6944444444444 41,672981183306
1563 21,7083333333333 41,6707201637784
1564 21,7222222222222 41,6684568478269
1565 21,7361111111111 41,6661912109339
1566 21,75 41,6639232285555
1567 21,7638888888889 41,6616528761226
1568 21,7777777777778 41,6593801290397
1569 21,7916666666667 41,6571049626862
1570 21,8055555555556 41,6548273524154
1571 21,8194444444444 41,6525472735551
1572 21,8333333333333 41,6502647014079
1573 21,8472222222222 41,6479796112505
1574 21,8611111111111 41,6456919783344
1575 21,875 41,6434017778856
1576 21,8888888888889 41,641108985105
1577 21,9027777777778 41,6388135751681
1578 21,9166666666667 41,636515523225
1579 21,9305555555556 41,6342148044011
1580 21,9444444444444 41,6319113937963
1581 21,9583333333333 41,6296052664857
1582 21,9722222222222 41,6272963975192
1583 21,9861111111111 41,6249847619221
1584 22 41,6226703346946
1585 22,0138888888889 41,6203530908119
1586 22,0277777777778 41,6180330052248
1587 22,0416666666667 41,6157100528591
1588 22,0555555555556 41,6133842086162
1589 22,0694444444444 41,6110554473725
1590 22,0833333333333 41,6087237439801
1591 22,0972222222222 41,6063890732666
1592 22,1111111111111 41,604051410035
1593 22,125 41,6017107290641
1594 22,1388888888889 41,5993670051082
1595 22,1527777777778 41,5970202128971
1596 22,1666666666667 41,5946703271369
1597 22,1805555555556 41,5923173225088
1598 22,1944444444444 41,5899611736705
1599 22,2083333333333 41,5876018552552
1600 22,2222222222222 41,585239341872
1601 22,2361111111111 41,5828736081064
1602 22,25 41,5805046285196
1603 22,2638888888889 41,5781323776489
1604 22,2777777777778 41,575756830008
1605 22,2916666666667 41,5733779600867
1606 22,3055555555556 41,5709957423507
1607 22,3194444444444 41,5686101512427
1608 22,3333333333333 41,566221161181
1609 22,3472222222222 41,5638287465608
1610 22,3611111111111 41,5614328817536
1611 22,375 41,5590335411074
1612 22,3888888888889 41,5566306989466
1613 22,4027777777778 41,5542243295723
1614 22,4166666666667 41,5518144072624
1615 22,4305555555556 41,5494009062713
1616 22,4444444444444 41,5469838008301
1617 22,4583333333333 41,5445630651468
1618 22,4722222222222 41,5421386734061
1619 22,4861111111111 41,5397105997696
1620 22,5 41,537278818376
1621 22,5138888888889 41,5348433033409
1622 22,5277777777778 41,5324040287567
1623 22,5416666666667 41,529960968693
1624 22,5555555555556 41,5275140971967
1625 22,5694444444444 41,5250633882916
1626 22,5833333333333 41,5226088159788
1627 22,5972222222222 41,5201503542366
1628 22,6111111111111 41,5176879770205
1629 22,625 41,5152216582637
1630 22,6388888888889 41,5127513718764
1631 22,6527777777778 41,5102770917464
1632 22,6666666666667 41,507798791739
1633 22,6805555555556 41,5053164456969
1634 22,6944444444444 41,5028300274405
1635 22,7083333333333 41,5003395107675
1636 22,7222222222222 41,4978448694538
1637 22,7361111111111 41,4953460772526
1638 22,75 41,4928431078948
1639 22,7638888888889 41,4903359350893
1640 22,7777777777778 41,4878245325227
1641 22,7916666666667 41,4853088738596
1642 22,8055555555556 41,4827889327424
1643 22,8194444444444 41,4802646827914
1644 22,8333333333333 41,477736097605
1645 22,8472222222222 41,4752031507596
1646 22,8611111111111 41,4726658158099
1647 22,875 41,4701240662885
1648 22,8888888888889 41,467577875706
1649 22,9027777777778 41,4650272175517
1650 22,9166666666667 41,4624720652927
1651 22,9305555555556 41,4599123923748
1652 22,9444444444444 41,4573481722217
1653 22,9583333333333 41,454779378236
1654 22,9722222222222 41,4522059837982
1655 22,9861111111111 41,4496279622676
1656 23 41,4470452869819
1657 23,0138888888889 41,4444579312574
1658 23,0277777777778 41,441865868389
1659 23,0416666666667 41,4392690716501
1660 23,0555555555556 41,436667514293
1661 23,0694444444444 41,4340611695484
1662 23,0833333333333 41,4314500106261
1663 23,0972222222222 41,4288340107144
1664 23,1111111111111 41,4262131429805
1665 23,125 41,4235873805708
1666 23,1388888888889 41,4209566966101
1667 23,1527777777778 41,4183210642024
1668 23,1666666666667 41,4156804564309
1669 23,1805555555556 41,4130348463573
1670 23,1944444444444 41,4103842070231
1671 23,2083333333333 41,4077285114481
1672 23,2222222222222 41,405067732632
1673 23,2361111111111 41,402401843553
1674 23,25 41,3997308171691
1675 23,2638888888889 41,3970546264174
1676 23,2777777777778 41,394373244214
1677 23,2916666666667 41,3916866434548
1678 23,3055555555556 41,3889947970148
1679 23,3194444444444 41,3862976777484
1680 23,3333333333333 41,3835952584897
1681 23,3472222222222 41,380887512052
1682 23,3611111111111 41,3781744112284
1683 23,375 41,3754559287913
1684 23,3888888888889 41,372732037493
1685 23,4027777777778 41,3700027100651
1686 23,4166666666667 41,3672679192194
1687 23,4305555555556 41,3645276376467
1688 23,4444444444444 41,3617818380182
1689 23,4583333333333 41,3590304929846
1690 23,4722222222222 41,3562735751765
1691 23,4861111111111 41,3535110572044
1692 23,5 41,3507429116584
1693 23,5138888888889 41,347969111109
1694 23,5277777777778 41,3451896281063
1695 23,5416666666667 41,3424044351808
1696 23,5555555555556 41,3396135048426
1697 23,5694444444444 41,3368168095821
1698 23,5833333333333 41,33401432187
1699 23,5972222222222 41,3312060141567
1700 23,6111111111111 41,3283918588733
1701 23,625 41,3255718284308
1702 23,6388888888889 41,3227458952204
1703 23,6527777777778 41,3199140316139
1704 23,6666666666667 41,3170762099631
1705 23,6805555555556 41,3142324026005
1706 23,6944444444444 41,3113825818387
1707 23,7083333333333 41,3085267199708
1708 23,7222222222222 41,3056647892705
1709 23,7361111111111 41,3027967619919
1710 23,75 41,2999226103697
1711 23,7638888888889 41,297042306619
1712 23,7777777777778 41,2941558229357
1713 23,7916666666667 41,2912631314962
1714 23,8055555555556 41,2883642044577
1715 23,8194444444444 41,2854590139579
1716 23,8333333333333 41,2825475321154
1717 23,8472222222222 41,2796297310296
1718 23,8611111111111 41,2767055827807
1719 23,875 41,2737750594294
1720 23,8888888888889 41,2708381330177
1721 23,9027777777778 41,2678947755684
1722 23,9166666666667 41,2649449590851
1723 23,9305555555556 41,2619886555523
1724 23,9444444444444 41,2590258369358
1725 23,9583333333333 41,2560564751823
1726 23,9722222222222 41,2530805422193
1727 23,9861111111111 41,2500980099558
1728 24 41,2471088502817
1729 24,0138888888889 41,2441130350682
1730 24,0277777777778 41,2411105361673
1731 24,0416666666667 41,2381013254128
1732 24,0555555555556 41,2350853746192
1733 24,0694444444444 41,2320626555829
1734 24,0833333333333 41,229033140081
1735 24,0972222222222 41,2259967998722
1736 24,1111111111111 41,2229536066966
1737 24,125 41,2199035322759
1738 24,1388888888889 41,2168465483127
1739 24,1527777777778 41,2137826264917
1740 24,1666666666667 41,2107117384785
1741 24,1805555555556 41,2076338559208
1742 24,1944444444444 41,2045489504475
1743 24,2083333333333 41,2014569936691
1744 24,2222222222222 41,1983579571778
1745 24,2361111111111 41,1952518125475
1746 24,25 41,1921385313337
1747 24,2638888888889 41,1890180850738
1748 24,2777777777778 41,1858904452865
1749 24,2916666666667 41,1827555834727
1750 24,3055555555556 41,1796134711149
1751 24,3194444444444 41,1764640796775
1752 24,3333333333333 41,1733073806067
1753 24,3472222222222 41,1701433453307
1754 24,3611111111111 41,1669719452593
1755 24,375 41,1637931517848
1756 24,3888888888889 41,1606069362808
1757 24,4027777777778 41,1574132701034
1758 24,4166666666667 41,1542121245907
1759 24,4305555555556 41,1510034710625
1760 24,4444444444444 41,1477872808211
1761 24,4583333333333 41,1445635251506
1762 24,4722222222222 41,1413321753174
1763 24,4861111111111 41,13809320257
1764 24,5 41,1348465781394
1765 24,5138888888889 41,1315922732382
1766 24,5277777777778 41,1283302590617
1767 24,5416666666667 41,1250605067876
1768 24,5555555555556 41,1217829875756
1769 24,5694444444444 41,1184976725679
1770 24,5833333333333 41,1152045328888
1771 24,5972222222222 41,1119035396454
1772 24,6111111111111 41,108594663927
1773 24,625 41,1052778768053
1774 24,6388888888889 41,1019531493345
1775 24,6527777777778 41,0986204525514
1776 24,6666666666667 41,0952797574752
1777 24,6805555555556 41,0919310351078
1778 24,6944444444444 41,0885742564334
1779 24,7083333333333 41,0852093924192
1780 24,7222222222222 41,0818364140147
1781 24,7361111111111 41,0784552921521
1782 24,75 41,0750659977466
1783 24,7638888888889 41,0716685016956
1784 24,7777777777778 41,0682627748797
1785 24,7916666666667 41,0648487881618
1786 24,8055555555556 41,0614265123882
1787 24,8194444444444 41,0579959183873
1788 24,8333333333333 41,054556976971
1789 24,8472222222222 41,0511096589335
1790 24,8611111111111 41,0476539350523
1791 24,875 41,0441897760876
1792 24,8888888888889 41,0407171527826
1793 24,9027777777778 41,0372360358634
1794 24,9166666666667 41,0337463960392
1795 24,9305555555556 41,0302482040022
1796 24,9444444444444 41,0267414304275
1797 24,9583333333333 41,0232260459733
1798 24,9722222222222 41,0197020212811
1799 24,9861111111111 41,0161693269752
1800 25 41,0126279336633
