40 0,133333333333333 90,9461704837921
41 0,136666666666667 87,6932207765251
42 0,14 84,6877938480603
43 0,143333333333333 81,9061283430471
44 0,146666666666667 79,3272018697511
45 0,15 76,9323637166299
46 0,153333333333333 74,7050235120096
47 0,156666666666667 72,6303863231679
48 0,16 70,69522646633
49 0,163333333333333 68,8876937138065
50 0,166666666666667 67,1971467176
51 0,17 65,6140093806809
52 0,173333333333333 64,1296466443398
53 0,176666666666667 62,7362567586333
54 0,18 61,4267775910646
55 0,183333333333333 60,1948049282715
56 0,186666666666667 59,0345210539503
57 0,19 57,9406321572179
58 0,193333333333333 56,9083133499472
59 0,196666666666667 55,933160258003
60 0,2 55,011146306662
61 0,203333333333333 54,1385849504253
62 0,206666666666667 53,3120962064152
63 0,21 52,5285769422414
64 0,213333333333333 51,7851744465939
65 0,216666666666667 51,0792628762846
66 0,22 50,4084222290079
67 0,223333333333333 49,7704195383373
68 0,226666666666667 49,1631920277729
69 0,23 48,5848319951031
70 0,233333333333333 48,0335732278655
71 0,236666666666667 47,5077787760479
72 0,24 47,00592993
73 0,243333333333333 46,5266162703569
74 0,246666666666667 46,0685266730564
75 0,25 45,6304411666375
76 0,253333333333333 45,2112235512507
77 0,256666666666667 44,8098146994565
78 0,26 44,4252264681716
79 0,263333333333333 44,0565361592163
80 0,266666666666667 43,7028814730065
81 0,27 43,3634559061326
82 0,273333333333333 43,0375045490182
83 0,276666666666667 42,724320244634
84 0,28 42,4232400734594
85 0,283333333333333 42,1336421335969
86 0,286666666666667 41,8549425882268
87 0,29 41,5865929554934
88 0,293333333333333 41,3280776184808
89 0,296666666666667 41,0789115352194
90 0,3 40,8386381306881
91 0,303333333333333 40,6068273545774
92 0,306666666666667 40,3830738901834
93 0,31 40,1669955012342
94 0,313333333333333 39,9582315047247
95 0,316666666666667 39,7564413589792
96 0,32 39,5613033571834
97 0,323333333333333 39,3725134175421
98 0,326666666666667 39,1897839620408
99 0,33 39,0128428765274
100 0,333333333333333 38,8414325454939
101 0,336666666666667 38,6753089555346
102 0,34 38,5142408619964
103 0,343333333333333 38,3580090138204
104 0,346666666666667 38,2064054320158
105 0,35 38,059232737599
106 0,353333333333333 37,9163035251923
107 0,356666666666667 37,7774397788007
108 0,36 37,6424723265783
109 0,363333333333333 37,511240331665
110 0,366666666666667 37,3835908164132
111 0,37 37,2593782175495
112 0,373333333333333 37,1384639700123
113 0,376666666666667 37,0207161173905
114 0,38 36,9060089470565
115 0,383333333333333 36,7942226482357
116 0,386666666666667 36,6852429913946
117 0,39 36,5789610274564
118 0,393333333333333 36,4752728054678
119 0,396666666666667 36,374079107447
120 0,4 36,27528519924
121 0,403333333333333 36,1788005963008
122 0,406666666666667 36,084538843392
123 0,41 35,9924173072782
124 0,413333333333333 35,9023569815524
125 0,416666666666667 35,8142823027991
126 0,42 35,7281209773541
127 0,423333333333333 35,6438038179779
128 0,426666666666667 35,5612645898047
129 0,43 35,4804398649772
130 0,433333333333333 35,401268885417
131 0,436666666666667 35,3236934332214
132 0,44 35,2476577082093
133 0,443333333333333 35,1731082121764
134 0,446666666666667 35,0999936394448
135 0,45 35,0282647733263
136 0,453333333333333 34,957874388138
137 0,456666666666667 34,8887771564385
138 0,46 34,8209295611727
139 0,463333333333333 34,7542898124328
140 0,466666666666667 34,6888177685653
141 0,47 34,6244748613678
142 0,473333333333333 34,5612240251401
143 0,476666666666667 34,4990296293651
144 0,48 34,4378574148127
145 0,483333333333333 34,3776744328711
146 0,486666666666667 34,318448987923
147 0,49 34,2601505825954
148 0,493333333333333 34,2027498657222
149 0,496666666666667 34,1462185828703
150 0,5 34,0905295292855
151 0,503333333333333 34,035656505128
152 0,506666666666667 33,9815742728709
153 0,51 33,9282585167459
154 0,513333333333333 33,8756858041252
155 0,516666666666667 33,8238335487369
156 0,52 33,7726799756149
157 0,523333333333333 33,7222040876945
158 0,526666666666667 33,6723856339636
159 0,53 33,623205079092
160 0,533333333333333 33,5746435744592
161 0,536666666666667 33,5266829305101
162 0,54 33,4793055903704
163 0,543333333333333 33,4324946046569
164 0,546666666666667 33,3862336074226
165 0,55 33,3405067931793
166 0,553333333333333 33,2952988949436
167 0,556666666666667 33,2505951632553
168 0,56 33,2063813461206
169 0,563333333333333 33,1626436698331
170 0,566666666666667 33,1193688206319
171 0,57 33,076543927153
172 0,573333333333333 33,0341565436389
173 0,576666666666667 32,9921946338666
174 0,58 32,9506465557625
175 0,583333333333333 32,909501046669
176 0,586666666666667 32,8687472092335
177 0,59 32,82837449789
178 0,593333333333333 32,788372705905
179 0,596666666666667 32,748731952962
180 0,6 32,7094426732597
181 0,603333333333333 32,6704956040989
182 0,606666666666667 32,6318817749376
183 0,61 32,5935924968911
184 0,613333333333333 32,555619352658
185 0,616666666666667 32,5179541868528
186 0,62 32,4805890967251
187 0,623333333333333 32,4435164232512
188 0,626666666666667 32,4067287425784
189 0,63 32,3702188578082
190 0,633333333333333 32,3339797911027
191 0,636666666666667 32,2980047761008
192 0,64 32,2622872506288
193 0,643333333333333 32,2268208496953
194 0,646666666666667 32,1915993987561
195 0,65 32,1566169072371
196 0,653333333333333 32,1218675623069
197 0,656666666666667 32,0873457228851
198 0,66 32,0530459138782
199 0,663333333333333 32,0189628206332
200 0,666666666666667 31,9850912836
201 0,67 31,9514262931923
202 0,673333333333333 31,917962984841
203 0,676666666666667 31,8846966342307
204 0,68 31,8516226527114
205 0,683333333333333 31,8187365828798
206 0,686666666666667 31,7860340943218
207 0,69 31,7535109795094
208 0,693333333333333 31,7211631498482
209 0,696666666666667 31,6889866318657
210 0,7 31,656977563538
211 0,703333333333333 31,6251321907474
212 0,706666666666667 31,5934468638667
213 0,71 31,5619180344647
214 0,713333333333333 31,5305422521279
215 0,716666666666667 31,4993161613946
216 0,72 31,468236498796
217 0,723333333333333 31,4373000900013
218 0,726666666666667 31,4065038470615
219 0,73 31,375844765749
220 0,733333333333333 31,3453199229892
221 0,736666666666667 31,3149264743795
222 0,74 31,2846616517944
223 0,743333333333333 31,2545227610714
224 0,746666666666667 31,2245071797757
225 0,75 31,1946123550408
226 0,753333333333333 31,1648358014815
227 0,756666666666667 31,1351750991769
228 0,76 31,1056278917212
229 0,763333333333333 31,0761918843392
230 0,766666666666667 31,0468648420643
231 0,77 31,0176445879767
232 0,773333333333333 30,9885290014997
233 0,776666666666667 30,9595160167518
234 0,78 30,9306036209528
235 0,783333333333333 30,9017898528815
236 0,786666666666667 30,8730728013838
237 0,79 30,8444506039288
238 0,793333333333333 30,8159214452112
239 0,796666666666667 30,787483555799
240 0,8 30,759135210824
241 0,803333333333333 30,7308747287142
242 0,806666666666667 30,7027004699665
243 0,81 30,674610835958
244 0,813333333333333 30,646604267795
245 0,816666666666667 30,6186792451976
246 0,82 30,5908342854202
247 0,823333333333333 30,5630679422044
248 0,826666666666667 30,5353788047658
249 0,83 30,5077654968107
250 0,833333333333333 30,4802266755842
251 0,836666666666667 30,4527610309475
252 0,84 30,4253672844828
253 0,843333333333333 30,398044188626
254 0,846666666666667 30,3707905258262
255 0,85 30,3436051077295
256 0,853333333333333 30,3164867743889
257 0,856666666666667 30,2894343934968
258 0,86 30,2624468596414
259 0,863333333333333 30,2355230935849
260 0,866666666666667 30,2086620415632
261 0,87 30,1818626746068
262 0,873333333333333 30,1551239878815
263 0,876666666666667 30,1284450000485
264 0,88 30,1018247526439
265 0,883333333333333 30,0752623094755
266 0,886666666666667 30,0487567560383
267 0,89 30,0223071989461
268 0,893333333333333 29,9959127653804
269 0,896666666666667 29,9695726025543
270 0,9 29,9432858771933
271 0,903333333333333 29,9170517750297
272 0,906666666666667 29,8908695003123
273 0,91 29,8647382753295
274 0,913333333333333 29,8386573399471
275 0,916666666666667 29,8126259511578
276 0,92 29,7866433826448
277 0,923333333333333 29,760708924357
278 0,926666666666667 29,7348218820959
279 0,93 29,7089815771153
280 0,933333333333333 29,683187345731
281 0,936666666666667 29,6574385389417
282 0,94 29,6317345220611
283 0,943333333333333 29,6060746743595
284 0,946666666666667 29,5804583887154
285 0,95 29,5548850712772
286 0,953333333333333 29,5293541411337
287 0,956666666666667 29,5038650299937
288 0,96 29,478417181875
289 0,963333333333333 29,4530100528008
290 0,966666666666667 29,4276431105054
291 0,97 29,4023158341471
292 0,973333333333333 29,3770277140297
293 0,976666666666667 29,3517782513302
294 0,98 29,3265669578356
295 0,983333333333333 29,3013933556853
296 0,986666666666667 29,2762569771208
297 0,99 29,2511573642424
298 0,993333333333333 29,2260940687722
299 0,996666666666667 29,2010666518233
300 1 29,176074683675
301 1,00333333333333 29,1511177435543
302 1,00666666666667 29,1261954194228
303 1,01 29,1013073077695
304 1,01333333333333 29,0764530134085
305 1,01666666666667 29,0516321492829
306 1,02 29,0268443362727
307 1,02333333333333 29,0020892030085
308 1,02666666666667 28,9773663856899
309 1,03 28,9526755279081
310 1,03333333333333 28,9280162804737
311 1,03666666666667 28,9033883012486
312 1,04 28,8787912549822
313 1,04333333333333 28,8542248131517
314 1,04666666666667 28,8296886538072
315 1,05 28,8051824614194
316 1,05333333333333 28,7807059267325
317 1,05666666666667 28,7562587466199
318 1,06 28,7318406239443
319 1,06333333333333 28,7074512674203
320 1,06666666666667 28,6830903914817
321 1,07 28,6587577161512
322 1,07333333333333 28,6344529669135
323 1,07666666666667 28,610175874592
324 1,08 28,5859261752282
325 1,08333333333333 28,5617036099643
326 1,08666666666667 28,537507924928
327 1,09 28,5133388711217
328 1,09333333333333 28,4891962043124
329 1,09666666666667 28,4650796849263
330 1,1 28,4409890779443
331 1,10333333333333 28,4169241528013
332 1,10666666666667 28,3928846832874
333 1,11 28,3688704474511
334 1,11333333333333 28,344881227506
335 1,11666666666667 28,3209168097386
336 1,12 28,2969769844188
337 1,12333333333333 28,273061545713
338 1,12666666666667 28,2491702915983
339 1,13 28,2253030237798
340 1,13333333333333 28,2014595476089
341 1,13666666666667 28,1776396720046
342 1,14 28,1538432093756
343 1,14333333333333 28,1300699755451
344 1,14666666666667 28,1063197896769
345 1,15 28,0825924742038
346 1,15333333333333 28,0588878547565
347 1,15666666666667 28,0352057600957
348 1,16 28,0115460220451
349 1,16333333333333 27,9879084754252
350 1,16666666666667 27,9642929579902
351 1,17 27,9406993103652
352 1,17333333333333 27,9171273759853
353 1,17666666666667 27,8935770010361
354 1,18 27,8700480343954
355 1,18333333333333 27,8465403275766
356 1,18666666666667 27,8230537346731
357 1,19 27,7995881123039
358 1,19333333333333 27,776143319561
359 1,19666666666667 27,7527192179573
360 1,2 27,7293156713763
361 1,20333333333333 27,7059325460224
362 1,20666666666667 27,6825697103729
363 1,21 27,6592270351308
364 1,21333333333333 27,6359043931784
365 1,21666666666667 27,6126016595325
366 1,22 27,5893187113003
367 1,22333333333333 27,5660554276363
368 1,22666666666667 27,5428116897004
369 1,23 27,5195873806164
370 1,23333333333333 27,4963823854322
371 1,23666666666667 27,4731965910803
372 1,24 27,4500298863394
373 1,24333333333333 27,4268821617967
374 1,24666666666667 27,4037533098116
375 1,25 27,380643224479
376 1,25333333333333 27,3575518015952
377 1,25666666666667 27,3344789386227
378 1,26 27,3114245346571
379 1,26333333333333 27,2883884903939
380 1,26666666666667 27,2653707080969
381 1,27 27,2423710915664
382 1,27333333333333 27,2193895461083
383 1,27666666666667 27,1964259785047
384 1,28 27,173480296984
385 1,28333333333333 27,1505524111922
386 1,28666666666667 27,1276422321649
387 1,29 27,1047496722999
388 1,29333333333333 27,0818746453298
389 1,29666666666667 27,0590170662963
390 1,3 27,0361768515241
391 1,30333333333333 27,0133539185956
392 1,30666666666667 26,9905481863265
393 1,31 26,9677595747415
394 1,31333333333333 26,9449880050506
395 1,31666666666667 26,9222333996262
396 1,32 26,8994956819804
397 1,32333333333333 26,8767747767429
398 1,32666666666667 26,8540706096391
399 1,33 26,8313831074694
400 1,33333333333333 26,8087121980878
401 1,33666666666667 26,7860578103821
402 1,34 26,7634198742538
403 1,34333333333333 26,7407983205987
404 1,34666666666667 26,7181930812879
405 1,35 26,6956040891489
406 1,35333333333333 26,6730312779476
407 1,35666666666667 26,6504745823704
408 1,36 26,6279339380066
409 1,36333333333333 26,6054092813311
410 1,36666666666667 26,5829005496882
411 1,37 26,5604076812745
412 1,37333333333333 26,5379306151231
413 1,37666666666667 26,5154692910879
414 1,38 26,4930236498283
415 1,38333333333333 26,4705936327935
416 1,38666666666667 26,4481791822085
417 1,39 26,4257802410589
418 1,39333333333333 26,4033967530772
419 1,39666666666667 26,3810286627288
420 1,4 26,3586759151981
421 1,40333333333333 26,3363384563754
422 1,40666666666667 26,3140162328439
423 1,41 26,2917091918667
424 1,41333333333333 26,2694172813743
425 1,41666666666667 26,2471404499527
426 1,42 26,2248786468307
427 1,42333333333333 26,2026318218685
428 1,42666666666667 26,1803999255462
429 1,43 26,1581829089524
430 1,43333333333333 26,135980723773
431 1,43666666666667 26,1137933222805
432 1,44 26,0916206573234
433 1,44333333333333 26,0694626823153
434 1,44666666666667 26,0473193512254
435 1,45 26,0251906185679
436 1,45333333333333 26,0030764393926
437 1,45666666666667 25,9809767692747
438 1,46 25,9588915643062
439 1,46333333333333 25,9368207810858
440 1,46666666666667 25,9147643767106
441 1,47 25,8927223087665
442 1,47333333333333 25,8706945353202
443 1,47666666666667 25,84868101491
444 1,48 25,8266817065381
445 1,48333333333333 25,8046965696618
446 1,48666666666667 25,7827255641858
447 1,49 25,7607686504544
448 1,49333333333333 25,7388257892434
449 1,49666666666667 25,716896941753
450 1,5 25,6949820696
451 1,50333333333333 25,6730811348106
452 1,50666666666667 25,6511940998135
453 1,51 25,6293209274327
454 1,51333333333333 25,6074615808804
455 1,51666666666667 25,5856160237509
456 1,52 25,5637842200134
457 1,52333333333333 25,5419661340059
458 1,52666666666667 25,5201617304286
459 1,53 25,4983709743381
460 1,53333333333333 25,4765938311407
461 1,53666666666667 25,4548302665868
462 1,54 25,433080246765
463 1,54333333333333 25,4113437380963
464 1,54666666666667 25,3896207073285
465 1,55 25,3679111215306
466 1,55333333333333 25,3462149480873
467 1,55666666666667 25,3245321546939
468 1,56 25,3028627093507
469 1,56333333333333 25,2812065803586
470 1,56666666666667 25,259563736313
471 1,57 25,2379341460998
472 1,57333333333333 25,2163177788902
473 1,57666666666667 25,1947146041359
474 1,58 25,1731245915644
475 1,58333333333333 25,1515477111749
476 1,58666666666667 25,129983933233
477 1,59 25,1084332282671
478 1,59333333333333 25,0868955670636
479 1,59666666666667 25,0653709206629
480 1,6 25,043859260355
481 1,60333333333333 25,0223605576757
482 1,60666666666667 25,0008747844026
483 1,61 24,9794019125507
484 1,61333333333333 24,9579419143693
485 1,61666666666667 24,9364947623375
486 1,62 24,915060429161
487 1,62333333333333 24,8936388877683
488 1,62666666666667 24,8722301113069
489 1,63 24,8508340731402
490 1,63333333333333 24,8294507468437
491 1,63666666666667 24,8080801062019
492 1,64 24,7867221252047
493 1,64333333333333 24,7653767780445
494 1,64666666666667 24,7440440391125
495 1,65 24,7227238829962
496 1,65333333333333 24,7014162844758
497 1,65666666666667 24,6801212185215
498 1,66 24,6588386602903
499 1,66333333333333 24,6375685851231
500 1,66666666666667 24,6163109685422
501 1,67 24,5950657862481
502 1,67333333333333 24,5738330141167
503 1,67666666666667 24,552612628197
504 1,68 24,5314046047082
505 1,68333333333333 24,510208920037
506 1,68666666666667 24,4890255507351
507 1,69 24,467854473517
508 1,69333333333333 24,446695665257
509 1,69666666666667 24,4255491029871
510 1,7 24,4044147638946
511 1,70333333333333 24,3832926253198
512 1,70666666666667 24,3621826647534
513 1,71 24,3410848598348
514 1,71333333333333 24,3199991883492
515 1,71666666666667 24,2989256282261
516 1,72 24,2778641575368
517 1,72333333333333 24,2568147544922
518 1,72666666666667 24,235777397441
519 1,73 24,2147520648677
520 1,73333333333333 24,1937387353902
521 1,73666666666667 24,1727373877586
522 1,74 24,1517480008524
523 1,74333333333333 24,1307705536792
524 1,74666666666667 24,1098050253729
525 1,75 24,0888513951914
526 1,75333333333333 24,0679096425152
527 1,75666666666667 24,0469797468456
528 1,76 24,026061687803
529 1,76333333333333 24,0051554451249
530 1,76666666666667 23,9842609986648
531 1,77 23,96337832839
532 1,77333333333333 23,9425074143804
533 1,77666666666667 23,9216482368267
534 1,78 23,900800776029
535 1,78333333333333 23,8799650123951
536 1,78666666666667 23,8591409264392
537 1,79 23,8383284987804
538 1,79333333333333 23,8175277101411
539 1,79666666666667 23,7967385413457
540 1,8 23,7759609733194
541 1,80333333333333 23,7551949870863
542 1,80666666666667 23,7344405637686
543 1,81 23,7136976845851
544 1,81333333333333 23,6929663308499
545 1,81666666666667 23,6722464839709
546 1,82 23,6515381254489
547 1,82333333333333 23,6308412368762
548 1,82666666666667 23,6101557999354
549 1,83 23,5894817963982
550 1,83333333333333 23,5688192081242
551 1,83666666666667 23,54816801706
552 1,84 23,5275282052376
553 1,84333333333333 23,5068997547737
554 1,84666666666667 23,4862826478686
555 1,85 23,4656768668047
556 1,85333333333333 23,445082393946
557 1,85666666666667 23,4244992117366
558 1,86 23,4039273027002
559 1,86333333333333 23,3833666494385
560 1,86666666666667 23,3628172346306
561 1,87 23,342279041032
562 1,87333333333333 23,3217520514735
563 1,87666666666667 23,3012362488604
564 1,88 23,2807316161716
565 1,88333333333333 23,2602381364585
566 1,88666666666667 23,2397557928443
567 1,89 23,2192845685231
568 1,89333333333333 23,1988244467591
569 1,89666666666667 23,1783754108854
570 1,9 23,1579374443037
571 1,90333333333333 23,1375105304832
572 1,90666666666667 23,1170946529597
573 1,91 23,0966897953349
574 1,91333333333333 23,0762959412759
575 1,91666666666667 23,055913074514
576 1,92 23,0355411788441
577 1,92333333333333 23,0151802381241
578 1,92666666666667 22,9948302362742
579 1,93 22,9744911572759
580 1,93333333333333 22,9541629851714
581 1,93666666666667 22,9338457040632
582 1,94 22,9135392981131
583 1,94333333333333 22,8932437515415
584 1,94666666666667 22,8729590486271
585 1,95 22,8526851737058
586 1,95333333333333 22,8324221111704
587 1,95666666666667 22,81216984547
588 1,96 22,7919283611091
589 1,96333333333333 22,7716976426471
590 1,96666666666667 22,7514776746979
591 1,97 22,731268441929
592 1,97333333333333 22,7110699290613
593 1,97666666666667 22,6908821208682
594 1,98 22,6707050021752
595 1,98333333333333 22,6505385578592
596 1,98666666666667 22,6303827728484
597 1,99 22,6102376321211
598 1,99333333333333 22,5901031207058
599 1,99666666666667 22,5699792236802
600 2 22,549865926171
601 2,00333333333333 22,5297632133535
602 2,00666666666667 22,5096710704507
603 2,01 22,489589482733
604 2,01333333333333 22,469518435518
605 2,01666666666667 22,4494579141697
606 2,02 22,4294079040981
607 2,02333333333333 22,4093683907589
608 2,02666666666667 22,3893393596528
609 2,03 22,3693207963253
610 2,03333333333333 22,3493126863664
611 2,03666666666667 22,3293150154095
612 2,04 22,3093277691319
613 2,04333333333333 22,2893509332537
614 2,04666666666667 22,2693844935376
615 2,05 22,2494284357887
616 2,05333333333333 22,2294827458538
617 2,05666666666667 22,2095474096213
618 2,06 22,1896224130205
619 2,06333333333333 22,1697077420216
620 2,06666666666667 22,149803382635
621 2,07 22,1299093209112
622 2,07333333333333 22,1100255429401
623 2,07666666666667 22,0901520348512
624 2,08 22,0702887828127
625 2,08333333333333 22,0504357730313
626 2,08666666666667 22,0305929917524
627 2,09 22,0107604252587
628 2,09333333333333 21,990938059871
629 2,09666666666667 21,9711258819472
630 2,1 21,9513238778822
631 2,10333333333333 21,9315320341074
632 2,10666666666667 21,9117503370908
633 2,11 21,8919787733363
634 2,11333333333333 21,8722173293835
635 2,11666666666667 21,8524659918078
636 2,12 21,8327247472193
637 2,12333333333333 21,8129935822633
638 2,12666666666667 21,7932724836197
639 2,13 21,7735614380027
640 2,13333333333333 21,7538604321605
641 2,13666666666667 21,7341694528753
642 2,14 21,7144884869626
643 2,14333333333333 21,6948175212714
644 2,14666666666667 21,6751565426837
645 2,15 21,655505538114
646 2,15333333333333 21,6358644945099
647 2,15666666666667 21,6162333988507
648 2,16 21,5966122381481
649 2,16333333333333 21,5770009994457
650 2,16666666666667 21,5573996698183
651 2,17 21,5378082363724
652 2,17333333333333 21,5182266862455
653 2,17666666666667 21,4986550066061
654 2,18 21,4790931846532
655 2,18333333333333 21,4595412076164
656 2,18666666666667 21,4399990627557
657 2,19 21,4204667373609
658 2,19333333333333 21,4009442187517
659 2,19666666666667 21,3814314942776
660 2,2 21,3619285513173
661 2,20333333333333 21,3424353772791
662 2,20666666666667 21,3229519595999
663 2,21 21,3034782857458
664 2,21333333333333 21,2840143432114
665 2,21666666666667 21,2645601195198
666 2,22 21,2451156022224
667 2,22333333333333 21,2256807788988
668 2,22666666666667 21,2062556371564
669 2,23 21,1868401646305
670 2,23333333333333 21,1674343489838
671 2,23666666666667 21,1480381779065
672 2,24 21,1286516391162
673 2,24333333333333 21,1092747203572
674 2,24666666666667 21,089907409401
675 2,25 21,0705496940459
676 2,25333333333333 21,0512015621165
677 2,25666666666667 21,031863001464
678 2,26 21,012533999966
679 2,26333333333333 20,9932145455259
680 2,26666666666667 20,9739046260734
681 2,27 20,9546042295638
682 2,27333333333333 20,9353133439781
683 2,27666666666667 20,9160319573229
684 2,28 20,8967600576301
685 2,28333333333333 20,8774976329569
686 2,28666666666667 20,8582446713856
687 2,29 20,8390011610233
688 2,29333333333333 20,8197670900022
689 2,29666666666667 20,800542446479
690 2,3 20,7813272186349
691 2,30333333333333 20,7621213946758
692 2,30666666666667 20,7429249628316
693 2,31 20,7237379113566
694 2,31333333333333 20,704560228529
695 2,31666666666667 20,6853919026508
696 2,32 20,6662329220482
697 2,32333333333333 20,6470832750707
698 2,32666666666667 20,6279429500916
699 2,33 20,6088119355073
700 2,33333333333333 20,589690219738
701 2,33666666666667 20,5705777912267
702 2,34 20,5514746384397
703 2,34333333333333 20,5323807498662
704 2,34666666666667 20,5132961140184
705 2,35 20,4942207194311
706 2,35333333333333 20,4751545546618
707 2,35666666666667 20,4560976082905
708 2,36 20,4370498689199
709 2,36333333333333 20,4180113251747
710 2,36666666666667 20,398981965702
711 2,37 20,379961779171
712 2,37333333333333 20,360950754273
713 2,37666666666667 20,3419488797212
714 2,38 20,3229561442505
715 2,38333333333333 20,3039725366178
716 2,38666666666667 20,2849980456014
717 2,39 20,2660326600013
718 2,39333333333333 20,2470763686389
719 2,39666666666667 20,2281291603569
720 2,4 20,2091910240195
721 2,40333333333333 20,1902619485118
722 2,40666666666667 20,1713419227402
723 2,41 20,1524309356319
724 2,41333333333333 20,1335289761354
725 2,41666666666667 20,1146360332195
726 2,42 20,0957520958743
727 2,42333333333333 20,0768771531101
728 2,42666666666667 20,058011193958
729 2,43 20,0391542074697
730 2,43333333333333 20,0203061827171
731 2,43666666666667 20,0014671087926
732 2,44 19,9826369748087
733 2,44333333333333 19,9638157698983
734 2,44666666666667 19,9450034832142
735 2,45 19,9262001039293
736 2,45333333333333 19,9074056212365
737 2,45666666666667 19,8886200243484
738 2,46 19,8698433024978
739 2,46333333333333 19,8510754449367
740 2,46666666666667 19,8323164409371
741 2,47 19,8135662797905
742 2,47333333333333 19,7948249508079
743 2,47666666666667 19,7760924433198
744 2,48 19,757368746676
745 2,48333333333333 19,7386538502455
746 2,48666666666667 19,7199477434168
747 2,49 19,7012504155974
748 2,49333333333333 19,6825618562138
749 2,49666666666667 19,6638820547118
750 2,5 19,645211000556
751 2,50333333333333 19,6265486832298
752 2,50666666666667 19,6078950922357
753 2,51 19,5892502170948
754 2,51333333333333 19,570614047347
755 2,51666666666667 19,5519865725507
756 2,52 19,533367782283
757 2,52333333333333 19,5147576661395
758 2,52666666666667 19,4961562137344
759 2,53 19,4775634147001
760 2,53333333333333 19,4589792586875
761 2,53666666666667 19,4404037353656
762 2,54 19,4218368344218
763 2,54333333333333 19,4032785455617
764 2,54666666666667 19,3847288585089
765 2,55 19,3661877630051
766 2,55333333333333 19,34765524881
767 2,55666666666667 19,3291313057012
768 2,56 19,3106159234743
769 2,56333333333333 19,2921090919427
770 2,56666666666667 19,2736108009375
771 2,57 19,2551210403076
772 2,57333333333333 19,2366397999196
773 2,57666666666667 19,2181670696576
774 2,58 19,1997028394235
775 2,58333333333333 19,1812470991365
776 2,58666666666667 19,1627998387333
777 2,59 19,1443610481681
778 2,59333333333333 19,1259307174125
779 2,59666666666667 19,1075088364553
780 2,6 19,0890953953026
781 2,60333333333333 19,0706903839777
782 2,60666666666667 19,0522937925212
783 2,61 19,0339056109907
784 2,61333333333333 19,0155258294608
785 2,61666666666667 18,9971544380234
786 2,62 18,978791426787
787 2,62333333333333 18,9604367858773
788 2,62666666666667 18,9420905054368
789 2,63 18,9237525756249
790 2,63333333333333 18,9054229866178
791 2,63666666666667 18,8871017286082
792 2,64 18,8687887918059
793 2,64333333333333 18,8504841664371
794 2,64666666666667 18,8321878427445
795 2,65 18,8138998109878
796 2,65333333333333 18,7956200614427
797 2,65666666666667 18,7773485844019
798 2,66 18,759085370174
799 2,66333333333333 18,7408304090845
800 2,66666666666667 18,722583691475
801 2,67 18,7043452077034
802 2,67333333333333 18,6861149481438
803 2,67666666666667 18,6678929031869
804 2,68 18,6496790632391
805 2,68333333333333 18,6314734187233
806 2,68666666666667 18,6132759600783
807 2,69 18,5950866777591
808 2,69333333333333 18,5769055622367
809 2,69666666666667 18,558732603998
810 2,7 18,5405677935459
811 2,70333333333333 18,5224111213992
812 2,70666666666667 18,5042625780927
813 2,71 18,4861221541768
814 2,71333333333333 18,4679898402178
815 2,71666666666667 18,4498656267977
816 2,72 18,4317495045144
817 2,72333333333333 18,4136414639813
818 2,72666666666667 18,3955414958274
819 2,73 18,3774495906974
820 2,73333333333333 18,3593657392516
821 2,73666666666667 18,3412899321658
822 2,74 18,3232221601311
823 2,74333333333333 18,3051624138544
824 2,74666666666667 18,2871106840578
825 2,75 18,2690669614787
826 2,75333333333333 18,2510312368701
827 2,75666666666667 18,2330035010001
828 2,76 18,2149837446521
829 2,76333333333333 18,196971958625
830 2,76666666666667 18,1789681337325
831 2,77 18,1609722608038
832 2,77333333333333 18,142984330683
833 2,77666666666667 18,1250043342294
834 2,78 18,1070322623175
835 2,78333333333333 18,0890681058367
836 2,78666666666667 18,0711118556913
837 2,79 18,0531635028008
838 2,79333333333333 18,0352230380994
839 2,79666666666667 18,0172904525365
840 2,8 17,9993657370759
841 2,80333333333333 17,9814488826968
842 2,80666666666667 17,9635398803927
843 2,81 17,9456387211723
844 2,81333333333333 17,9277453960586
845 2,81666666666667 17,9098598960897
846 2,82 17,8919822123181
847 2,82333333333333 17,8741123358111
848 2,82666666666667 17,8562502576506
849 2,83 17,838395968933
850 2,83333333333333 17,8205494607692
851 2,83666666666667 17,8027107242847
852 2,84 17,7848797506196
853 2,84333333333333 17,7670565309282
854 2,84666666666667 17,7492410563794
855 2,85 17,7314333181565
856 2,85333333333333 17,713633307457
857 2,85666666666667 17,6958410154929
858 2,86 17,6780564334905
859 2,86333333333333 17,6602795526902
860 2,86666666666667 17,6425103643467
861 2,87 17,6247488597292
862 2,87333333333333 17,6069950301206
863 2,87666666666667 17,5892488668182
864 2,88 17,5715103611336
865 2,88333333333333 17,5537795043921
866 2,88666666666667 17,5360562879335
867 2,89 17,5183407031112
868 2,89333333333333 17,5006327412928
869 2,89666666666667 17,48293239386
870 2,9 17,4652396522084
871 2,90333333333333 17,4475545077472
872 2,90666666666667 17,4298769519
873 2,91 17,4122069761039
874 2,91333333333333 17,39454457181
875 2,91666666666667 17,376889730483
876 2,92 17,3592424436017
877 2,92333333333333 17,3416027026583
878 2,92666666666667 17,3239704991591
879 2,93 17,3063458246238
880 2,93333333333333 17,2887286705859
881 2,93666666666667 17,2711190285924
882 2,94 17,2535168902041
883 2,94333333333333 17,2359222469953
884 2,94666666666667 17,2183350905538
885 2,95 17,2007554124811
886 2,95333333333333 17,1831832043921
887 2,95666666666667 17,165618457915
888 2,96 17,1480611646918
889 2,96333333333333 17,1305113163777
890 2,96666666666667 17,1129689046413
891 2,97 17,0954339211647
892 2,97333333333333 17,0779063576432
893 2,97666666666667 17,0603862057855
894 2,98 17,0428734573135
895 2,98333333333333 17,0253681039626
896 2,98666666666667 17,0078701374811
897 2,99 16,9903795496308
898 2,99333333333333 16,9728963321866
899 2,99666666666667 16,9554204769365
900 3 16,9379519756816
901 3,00333333333333 16,9204908202364
902 3,00666666666667 16,9030370024281
903 3,01 16,8855905140972
904 3,01333333333333 16,8681513470972
905 3,01666666666667 16,8507194932945
906 3,02 16,8332949445687
907 3,02333333333333 16,8158776928121
908 3,02666666666667 16,7984677299301
909 3,03 16,781065047841
910 3,03333333333333 16,763669638476
911 3,03666666666667 16,746281493779
912 3,04 16,7289006057069
913 3,04333333333333 16,7115269662294
914 3,04666666666667 16,6941605673289
915 3,05 16,6768014010006
916 3,05333333333333 16,6594494592526
917 3,05666666666667 16,6421047341053
918 3,06 16,6247672175923
919 3,06333333333333 16,6074369017595
920 3,06666666666667 16,5901137786655
921 3,07 16,5727978403816
922 3,07333333333333 16,5554890789918
923 3,07666666666667 16,5381874865923
924 3,08 16,5208930552923
925 3,08333333333333 16,5036057772131
926 3,08666666666667 16,4863256444888
927 3,09 16,4690526492658
928 3,09333333333333 16,4517867837031
929 3,09666666666667 16,4345280399721
930 3,1 16,4172764102563
931 3,10333333333333 16,400031886752
932 3,10666666666667 16,3827944616676
933 3,11 16,365564127224
934 3,11333333333333 16,3483408756543
935 3,11666666666667 16,3311246992039
936 3,12 16,3139155901304
937 3,12333333333333 16,2967135407037
938 3,12666666666667 16,279518543206
939 3,13 16,2623305899317
940 3,13333333333333 16,2451496731871
941 3,13666666666667 16,227975785291
942 3,14 16,2108089185741
943 3,14333333333333 16,1936490653792
944 3,14666666666667 16,1764962180614
945 3,15 16,1593503689876
946 3,15333333333333 16,1422115105369
947 3,15666666666667 16,1250796351003
948 3,16 16,1079547350809
949 3,16333333333333 16,0908368028936
950 3,16666666666667 16,0737258309656
951 3,17 16,0566218117355
952 3,17333333333333 16,0395247376543
953 3,17666666666667 16,0224346011846
954 3,18 16,0053513948009
955 3,18333333333333 15,9882751109896
956 3,18666666666667 15,9712057422488
957 3,19 15,9541432810885
958 3,19333333333333 15,9370877200305
959 3,19666666666667 15,9200390516082
960 3,2 15,9029972683668
961 3,20333333333333 15,8859623628632
962 3,20666666666667 15,8689343276661
963 3,21 15,8519131553557
964 3,21333333333333 15,8348988385238
965 3,21666666666667 15,8178913697741
966 3,22 15,8008907417215
967 3,22333333333333 15,7838969469928
968 3,22666666666667 15,7669099782262
969 3,23 15,7499298280715
970 3,23333333333333 15,73295648919
971 3,23666666666667 15,7159899542544
972 3,24 15,699030215949
973 3,24333333333333 15,6820772669695
974 3,24666666666667 15,6651311000229
975 3,25 15,6481917078278
976 3,25333333333333 15,6312590831141
977 3,25666666666667 15,6143332186231
978 3,26 15,5974141071073
979 3,26333333333333 15,5805017413308
980 3,26666666666667 15,5635961140686
981 3,27 15,5466972181074
982 3,27333333333333 15,529805046245
983 3,27666666666667 15,5129195912902
984 3,28 15,4960408460634
985 3,28333333333333 15,4791688033959
986 3,28666666666667 15,4623034561304
987 3,29 15,4454447971207
988 3,29333333333333 15,4285928192316
989 3,29666666666667 15,4117475153391
990 3,3 15,3949088783304
991 3,30333333333333 15,3780769011036
992 3,30666666666667 15,3612515765679
993 3,31 15,3444328976437
994 3,31333333333333 15,3276208572621
995 3,31666666666667 15,3108154483656
996 3,32 15,2940166639073
997 3,32333333333333 15,2772244968514
998 3,32666666666667 15,2604389401732
999 3,33 15,2436599868585
1000 3,33333333333333 15,2268876299045
1001 3,33666666666667 15,2101218623188
1002 3,34 15,1933626771202
1003 3,34333333333333 15,1766100673382
1004 3,34666666666667 15,1598640260131
1005 3,35 15,143124546196
1006 3,35333333333333 15,1263916209488
1007 3,35666666666667 15,1096652433442
1008 3,36 15,0929454064656
1009 3,36333333333333 15,076232103407
1010 3,36666666666667 15,0595253272732
1011 3,37 15,0428250711797
1012 3,37333333333333 15,0261313282527
1013 3,37666666666667 15,009444091629
1014 3,38 14,9927633544558
1015 3,38333333333333 14,9760891098912
1016 3,38666666666667 14,9594213511037
1017 3,39 14,9427600712725
1018 3,39333333333333 14,9261052635873
1019 3,39666666666667 14,9094569212482
1020 3,4 14,892815037466
1021 3,40333333333333 14,8761796054617
1022 3,40666666666667 14,8595506184671
1023 3,41 14,8429280697243
1024 3,41333333333333 14,8263119524857
1025 3,41666666666667 14,8097022600142
1026 3,42 14,7930989855833
1027 3,42333333333333 14,7765021224765
1028 3,42666666666667 14,7599116639879
1029 3,43 14,7433276034219
1030 3,43333333333333 14,7267499340932
1031 3,43666666666667 14,7101786493266
1032 3,44 14,6936137424575
1033 3,44333333333333 14,6770552068314
1034 3,44666666666667 14,660503035804
1035 3,45 14,6439572227412
1036 3,45333333333333 14,6274177610193
1037 3,45666666666667 14,6108846440246
1038 3,46 14,5943578651536
1039 3,46333333333333 14,5778374178129
1040 3,46666666666667 14,5613232954193
1041 3,47 14,5448154913998
1042 3,47333333333333 14,5283139991913
1043 3,47666666666667 14,5118188122408
1044 3,48 14,4953299240056
1045 3,48333333333333 14,4788473279526
1046 3,48666666666667 14,4623710175591
1047 3,49 14,4459009863123
1048 3,49333333333333 14,4294372277093
1049 3,49666666666667 14,4129797352571
1050 3,5 14,3965285024729
1051 3,50333333333333 14,3800835228836
1052 3,50666666666667 14,3636447900261
1053 3,51 14,3472122974471
1054 3,51333333333333 14,3307860387034
1055 3,51666666666667 14,3143660073614
1056 3,52 14,2979521969975
1057 3,52333333333333 14,2815446011977
1058 3,52666666666667 14,2651432135582
1059 3,53 14,2487480276846
1060 3,53333333333333 14,2323590371924
1061 3,53666666666667 14,2159762357069
1062 3,54 14,199599616863
1063 3,54333333333333 14,1832291743055
1064 3,54666666666667 14,1668649016888
1065 3,55 14,1505067926769
1066 3,55333333333333 14,1341548409436
1067 3,55666666666667 14,1178090401721
1068 3,56 14,1014693840556
1069 3,56333333333333 14,0851358662967
1070 3,56666666666667 14,0688084806074
1071 3,57 14,0524872207096
1072 3,57333333333333 14,0361720803346
1073 3,57666666666667 14,0198630532233
1074 3,58 14,003560133126
1075 3,58333333333333 13,9872633138027
1076 3,58666666666667 13,9709725890226
1077 3,59 13,9546879525646
1078 3,59333333333333 13,938409398217
1079 3,59666666666667 13,9221369197775
1080 3,6 13,9058705110533
1081 3,60333333333333 13,8896101658609
1082 3,60666666666667 13,8733558780262
1083 3,61 13,8571076413844
1084 3,61333333333333 13,8408654497804
1085 3,61666666666667 13,8246292970679
1086 3,62 13,8083991771102
1087 3,62333333333333 13,7921750837801
1088 3,62666666666667 13,7759570109592
1089 3,63 13,7597449525388
1090 3,63333333333333 13,7435389024192
1091 3,63666666666667 13,72733885451
1092 3,64 13,71114480273
1093 3,64333333333333 13,6949567410073
1094 3,64666666666667 13,678774663279
1095 3,65 13,6625985634915
1096 3,65333333333333 13,6464284356003
1097 3,65666666666667 13,6302642735701
1098 3,66 13,6141060713745
1099 3,66333333333333 13,5979538229965
1100 3,66666666666667 13,581807522428
1101 3,67 13,5656671636699
1102 3,67333333333333 13,5495327407323
1103 3,67666666666667 13,5334042476343
1104 3,68 13,517281678404
1105 3,68333333333333 13,5011650270785
1106 3,68666666666667 13,4850542877038
1107 3,69 13,4689494543349
1108 3,69333333333333 13,452850521036
1109 3,69666666666667 13,4367574818798
1110 3,7 13,4206703309483
1111 3,70333333333333 13,4045890623321
1112 3,70666666666667 13,388513670131
1113 3,71 13,3724441484533
1114 3,71333333333333 13,3563804914165
1115 3,71666666666667 13,3403226931467
1116 3,72 13,3242707477791
1117 3,72333333333333 13,3082246494572
1118 3,72666666666667 13,2921843923339
1119 3,73 13,2761499705704
1120 3,73333333333333 13,2601213783369
1121 3,73666666666667 13,2440986098123
1122 3,74 13,2280816591842
1123 3,74333333333333 13,2120705206489
1124 3,74666666666667 13,1960651884114
1125 3,75 13,1800656566853
1126 3,75333333333333 13,1640719196932
1127 3,75666666666667 13,1480839716658
1128 3,76 13,1321018068429
1129 3,76333333333333 13,1161254194728
1130 3,76666666666667 13,1001548038122
1131 3,77 13,0841899541266
1132 3,77333333333333 13,06823086469
1133 3,77666666666667 13,0522775297849
1134 3,78 13,0363299437025
1135 3,78333333333333 13,0203881007423
1136 3,78666666666667 13,0044519952125
1137 3,79 12,9885216214297
1138 3,79333333333333 12,972596973719
1139 3,79666666666667 12,9566780464139
1140 3,8 12,9407648338564
1141 3,80333333333333 12,9248573303969
1142 3,80666666666667 12,9089555303944
1143 3,81 12,893059428216
1144 3,81333333333333 12,8771690182373
1145 3,81666666666667 12,8612842948424
1146 3,82 12,8454052524236
1147 3,82333333333333 12,8295318853816
1148 3,82666666666667 12,8136641881254
1149 3,83 12,7978021550724
1150 3,83333333333333 12,7819457806481
1151 3,83666666666667 12,7660950592865
1152 3,84 12,7502499854297
1153 3,84333333333333 12,7344105535281
1154 3,84666666666667 12,7185767580404
1155 3,85 12,7027485934334
1156 3,85333333333333 12,6869260541822
1157 3,85666666666667 12,6711091347701
1158 3,86 12,6552978296885
1159 3,86333333333333 12,639492133437
1160 3,86666666666667 12,6236920405233
1161 3,87 12,6078975454633
1162 3,87333333333333 12,592108642781
1163 3,87666666666667 12,5763253270084
1164 3,88 12,5605475926858
1165 3,88333333333333 12,5447754343614
1166 3,88666666666667 12,5290088465915
1167 3,89 12,5132478239404
1168 3,89333333333333 12,4974923609806
1169 3,89666666666667 12,4817424522923
1170 3,9 12,465998092464
1171 3,90333333333333 12,4502592760921
1172 3,90666666666667 12,4345259977809
1173 3,91 12,4187982521427
1174 3,91333333333333 12,4030760337977
1175 3,91666666666667 12,3873593373741
1176 3,92 12,371648157508
1177 3,92333333333333 12,3559424888434
1178 3,92666666666667 12,3402423260321
1179 3,93 12,3245476637338
1180 3,93333333333333 12,3088584966162
1181 3,93666666666667 12,2931748193547
1182 3,94 12,2774966266325
1183 3,94333333333333 12,2618239131407
1184 3,94666666666667 12,2461566735782
1185 3,95 12,2304949026516
1186 3,95333333333333 12,2148385950753
1187 3,95666666666667 12,1991877455716
1188 3,96 12,1835423488704
1189 3,96333333333333 12,1679023997093
1190 3,96666666666667 12,1522678928337
1191 3,97 12,1366388229967
1192 3,97333333333333 12,1210151849589
1193 3,97666666666667 12,105396973489
1194 3,98 12,0897841833629
1195 3,98333333333333 12,0741768093644
1196 3,98666666666667 12,0585748462848
1197 3,99 12,0429782889232
1198 3,99333333333333 12,0273871320862
1199 3,99666666666667 12,0118013705879
1200 4 11,99622099925
1201 4,00333333333333 11,980646012902
1202 4,00666666666667 11,9650764063807
1203 4,01 11,9495121745305
1204 4,01333333333333 11,9339533122033
1205 4,01666666666667 11,9183998142586
1206 4,02 11,9028516755633
1207 4,02333333333333 11,8873088909918
1208 4,02666666666667 11,8717714554261
1209 4,03 11,8562393637555
1210 4,03333333333333 11,8407126108766
1211 4,03666666666667 11,8251911916939
1212 4,04 11,8096751011189
1213 4,04333333333333 11,7941643340705
1214 4,04666666666667 11,7786588854754
1215 4,05 11,7631587502671
1216 4,05333333333333 11,747663923387
1217 4,05666666666667 11,7321743997834
1218 4,06 11,7166901744123
1219 4,06333333333333 11,7012112422367
1220 4,06666666666667 11,6857375982272
1221 4,07 11,6702692373616
1222 4,07333333333333 11,6548061546248
1223 4,07666666666667 11,6393483450091
1224 4,08 11,6238958035143
1225 4,08333333333333 11,608448525147
1226 4,08666666666667 11,5930065049213
1227 4,09 11,5775697378585
1228 4,09333333333333 11,562138218987
1229 4,09666666666667 11,5467119433425
1230 4,1 11,5312909059679
1231 4,10333333333333 11,515875101913
1232 4,10666666666667 11,5004645262352
1233 4,11 11,4850591739987
1234 4,11333333333333 11,4696590402748
1235 4,11666666666667 11,4542641201422
1236 4,12 11,4388744086865
1237 4,12333333333333 11,4234899010003
1238 4,12666666666667 11,4081105921835
1239 4,13 11,392736477343
1240 4,13333333333333 11,3773675515926
1241 4,13666666666667 11,3620038100534
1242 4,14 11,3466452478532
1243 4,14333333333333 11,3312918601271
1244 4,14666666666667 11,3159436420171
1245 4,15 11,3006005886721
1246 4,15333333333333 11,2852626952481
1247 4,15666666666667 11,2699299569079
1248 4,16 11,2546023688215
1249 4,16333333333333 11,2392799261657
1250 4,16666666666667 11,2239626241242
1251 4,17 11,2086504578875
1252 4,17333333333333 11,1933434226533
1253 4,17666666666667 11,178041513626
1254 4,18 11,1627447260168
1255 4,18333333333333 11,1474530550439
1256 4,18666666666667 11,1321664959324
1257 4,19 11,116885043914
1258 4,19333333333333 11,1016086942275
1259 4,19666666666667 11,0863374421183
1260 4,2 11,0710712828388
1261 4,20333333333333 11,055810211648
1262 4,20666666666667 11,0405542238117
1263 4,21 11,0253033146027
1264 4,21333333333333 11,0100574793002
1265 4,21666666666667 10,9948167131904
1266 4,22 10,9795810115661
1267 4,22333333333333 10,9643503697269
1268 4,22666666666667 10,9491247829791
1269 4,23 10,9339042466356
1270 4,23333333333333 10,918688756016
1271 4,23666666666667 10,9034783064467
1272 4,24 10,8882728932606
1273 4,24333333333333 10,8730725117974
1274 4,24666666666667 10,8578771574032
1275 4,25 10,842686825431
1276 4,25333333333333 10,8275015112402
1277 4,25666666666667 10,812321210197
1278 4,26 10,7971459176738
1279 4,26333333333333 10,7819756290501
1280 4,26666666666667 10,7668103397115
1281 4,27 10,7516500450505
1282 4,27333333333333 10,7364947404658
1283 4,27666666666667 10,721344421363
1284 4,28 10,7061990831539
1285 4,28333333333333 10,691058721257
1286 4,28666666666667 10,6759233310972
1287 4,29 10,660792908106
1288 4,29333333333333 10,645667447721
1289 4,29666666666667 10,6305469453868
1290 4,3 10,6154313965541
1291 4,30333333333333 10,6003207966801
1292 4,30666666666667 10,5852151412284
1293 4,31 10,570114425669
1294 4,31333333333333 10,5550186454785
1295 4,31666666666667 10,5399277961397
1296 4,32 10,5248418731417
1297 4,32333333333333 10,5097608719801
1298 4,32666666666667 10,494684788157
1299 4,33 10,4796136171805
1300 4,33333333333333 10,4645473545652
1301 4,33666666666667 10,4494859958322
1302 4,34 10,4344295365086
1303 4,34333333333333 10,419377972128
1304 4,34666666666667 10,4043312982301
1305 4,35 10,3892895103612
1306 4,35333333333333 10,3742526040735
1307 4,35666666666667 10,3592205749258
1308 4,36 10,3441934184827
1309 4,36333333333333 10,3291711303155
1310 4,36666666666667 10,3141537060015
1311 4,37 10,2991411411241
1312 4,37333333333333 10,2841334312732
1313 4,37666666666667 10,2691305720445
1314 4,38 10,2541325590402
1315 4,38333333333333 10,2391393878686
1316 4,38666666666667 10,224151054144
1317 4,39 10,2091675534871
1318 4,39333333333333 10,1941888815244
1319 4,39666666666667 10,1792150338888
1320 4,4 10,1642460062191
1321 4,40333333333333 10,1492817941605
1322 4,40666666666667 10,134322393364
1323 4,41 10,1193677994868
1324 4,41333333333333 10,1044180081921
1325 4,41666666666667 10,0894730151493
1326 4,42 10,0745328160336
1327 4,42333333333333 10,0595974065265
1328 4,42666666666667 10,0446667823154
1329 4,43 10,0297409390938
1330 4,43333333333333 10,0148198725609
1331 4,43666666666667 9,99990357842237
1332 4,44 9,98499205238946
1333 4,44333333333333 9,97008529017959
1334 4,44666666666667 9,9551832875161
1335 4,45 9,94028604012827
1336 4,45333333333333 9,92539354375132
1337 4,45666666666667 9,9105057941264
1338 4,46 9,89562278700061
1339 4,46333333333333 9,88074451812689
1340 4,46666666666667 9,86587098326415
1341 4,47 9,85100217817716
1342 4,47333333333333 9,83613809863654
1343 4,47666666666667 9,82127874041882
1344 4,48 9,80642409930637
1345 4,48333333333333 9,79157417108738
1346 4,48666666666667 9,77672895155591
1347 4,49 9,76188843651183
1348 4,49333333333333 9,74705262176085
1349 4,49666666666667 9,73222150311445
1350 4,5 9,7173950763899
1351 4,50333333333333 9,7025733374103
1352 4,50666666666667 9,68775628200448
1353 4,51 9,67294390600707
1354 4,51333333333333 9,65813620525841
1355 4,51666666666667 9,64333317560461
1356 4,52 9,62853481289753
1357 4,52333333333333 9,61374111299472
1358 4,52666666666667 9,59895207175947
1359 4,53 9,58416768506075
1360 4,53333333333333 9,56938794877324
1361 4,53666666666667 9,5546128587773
1362 4,54 9,53984241095895
1363 4,54333333333333 9,52507660120991
1364 4,54666666666667 9,51031542542749
1365 4,55 9,49555887951471
1366 4,55333333333333 9,48080695938018
1367 4,55666666666667 9,46605966093816
1368 4,56 9,45131698010849
1369 4,56333333333333 9,43657891281666
1370 4,56666666666667 9,42184545499372
1371 4,57 9,40711660257629
1372 4,57333333333333 9,39239235150663
1373 4,57666666666667 9,37767269773248
1374 4,58 9,36295763720721
1375 4,58333333333333 9,34824716588968
1376 4,58666666666667 9,3335412797443
1377 4,59 9,31883997474103
1378 4,59333333333333 9,30414324685532
1379 4,59666666666667 9,28945109206814
1380 4,6 9,27476350636593
1381 4,60333333333333 9,26008048574066
1382 4,60666666666667 9,24540202618974
1383 4,61 9,23072812371606
1384 4,61333333333333 9,21605877432798
1385 4,61666666666667 9,20139397403929
1386 4,62 9,18673371886923
1387 4,62333333333333 9,17207800484247
1388 4,62666666666667 9,15742682798907
1389 4,63 9,14278018434458
1390 4,63333333333333 9,12813806994984
1391 4,63666666666667 9,11350048085117
1392 4,64 9,09886741310024
1393 4,64333333333333 9,08423886275408
1394 4,64666666666667 9,06961482587511
1395 4,65 9,05499529853108
1396 4,65333333333333 9,0403802767951
1397 4,65666666666667 9,02576975674561
1398 4,66 9,01116373446638
1399 4,66333333333333 8,99656220604649
1400 4,66666666666667 8,98196516758032
1401 4,67 8,96737261516758
1402 4,67333333333333 8,95278454491323
1403 4,67666666666667 8,93820095292752
1404 4,68 8,923621835326
1405 4,68333333333333 8,90904718822943
1406 4,68666666666667 8,89447700776388
1407 4,69 8,87991129006061
1408 4,69333333333333 8,86535003125614
1409 4,69666666666667 8,85079322749222
1410 4,7 8,8362408749158
1411 4,70333333333333 8,82169296967903
1412 4,70666666666667 8,80714950793929
1413 4,71 8,79261048585912
1414 4,71333333333333 8,77807589960626
1415 4,71666666666667 8,76354574535358
1416 4,72 8,74902001927916
1417 4,72333333333333 8,73449871756621
1418 4,72666666666667 8,71998183640308
1419 4,73 8,70546937198325
1420 4,73333333333333 8,69096132050536
1421 4,73666666666667 8,67645767817312
1422 4,74 8,66195844119537
1423 4,74333333333333 8,64746360578605
1424 4,74666666666667 8,6329731681642
1425 4,75 8,61848712455391
1426 4,75333333333333 8,60400547118437
1427 4,75666666666667 8,58952820428981
1428 4,76 8,57505532010956
1429 4,76333333333333 8,56058681488793
1430 4,76666666666667 8,54612268487433
1431 4,77 8,53166292632315
1432 4,77333333333333 8,51720753549383
1433 4,77666666666667 8,50275650865082
1434 4,78 8,48830984206354
1435 4,78333333333333 8,47386753200646
1436 4,78666666666667 8,45942957475898
1437 4,79 8,44499596660549
1438 4,79333333333333 8,43056670383539
1439 4,79666666666667 8,41614178274297
1440 4,8 8,40172119962754
1441 4,80333333333333 8,3873049507933
1442 4,80666666666667 8,3728930325494
1443 4,81 8,35848544120993
1444 4,81333333333333 8,34408217309388
1445 4,81666666666667 8,32968322452514
1446 4,82 8,31528859183253
1447 4,82333333333333 8,30089827134974
1448 4,82666666666667 8,28651225941533
1449 4,83 8,27213055237277
1450 4,83333333333333 8,25775314657038
1451 4,83666666666667 8,24338003836131
1452 4,84 8,22901122410359
1453 4,84333333333333 8,21464670016009
1454 4,84666666666667 8,2002864628985
1455 4,85 8,18593050869135
1456 4,85333333333333 8,17157883391597
1457 4,85666666666667 8,15723143495449
1458 4,86 8,14288830819388
1459 4,86333333333333 8,12854945002584
1460 4,86666666666667 8,11421485684692
1461 4,87 8,09988452505839
1462 4,87333333333333 8,0855584510663
1463 4,87666666666667 8,07123663128148
1464 4,88 8,0569190621195
1465 4,88333333333333 8,04260574000064
1466 4,88666666666667 8,02829666134997
1467 4,89 8,01399182259724
1468 4,89333333333333 7,99969122017693
1469 4,89666666666667 7,98539485052824
1470 4,9 7,97110271009507
1471 4,90333333333333 7,95681479532599
1472 4,90666666666667 7,94253110267428
1473 4,91 7,92825162859789
1474 4,91333333333333 7,91397636955943
1475 4,91666666666667 7,89970532202619
1476 4,92 7,8854384824701
1477 4,92333333333333 7,87117584736773
1478 4,92666666666667 7,85691741320029
1479 4,93 7,84266317645363
1480 4,93333333333333 7,82841313361822
1481 4,93666666666667 7,81416728118914
1482 4,94 7,79992561566606
1483 4,94333333333333 7,78568813355327
1484 4,94666666666667 7,77145483135962
1485 4,95 7,75722570559859
1486 4,95333333333333 7,74300075278821
1487 4,95666666666667 7,72877996945105
1488 4,96 7,71456335211427
1489 4,96333333333333 7,70035089730956
1490 4,96666666666667 7,68614260157319
1491 4,97 7,67193846144593
1492 4,97333333333333 7,65773847347308
1493 4,97666666666667 7,64354263420448
1494 4,98 7,62935094019444
1495 4,98333333333333 7,61516338800184
1496 4,98666666666667 7,60097997419001
1497 4,99 7,58680069532676
1498 4,99333333333333 7,57262554798442
1499 4,99666666666667 7,55845452873976
1500 5 7,54428763417405
1501 5,00333333333333 7,53012486087298
1502 5,00666666666667 7,51596620542672
1503 5,01 7,50181166442986
1504 5,01333333333333 7,48766123448145
1505 5,01666666666667 7,47351491218496
1506 5,02 7,45937269414827
1507 5,02333333333333 7,44523457698368
1508 5,02666666666667 7,4311005573079
1509 5,03 7,41697063174204
1510 5,03333333333333 7,40284479691157
1511 5,03666666666667 7,3887230494464
1512 5,04 7,37460538598078
1513 5,04333333333333 7,36049180315332
1514 5,04666666666667 7,34638229760701
1515 5,05 7,33227686598918
1516 5,05333333333333 7,31817550495153
1517 5,05666666666667 7,30407821115008
1518 5,06 7,28998498124517
1519 5,06333333333333 7,27589581190149
1520 5,06666666666667 7,26181069978804
1521 5,07 7,24772964157811
1522 5,07333333333333 7,23365263394933
1523 5,07666666666667 7,21957967358357
1524 5,08 7,20551075716706
1525 5,08333333333333 7,19144588139024
1526 5,08666666666667 7,17738504294787
1527 5,09 7,16332823853896
1528 5,09333333333333 7,14927546486678
1529 5,09666666666667 7,13522671863884
1530 5,1 7,12118199656691
1531 5,10333333333333 7,107141295367
1532 5,10666666666667 7,09310461175933
1533 5,11 7,07907194246838
1534 5,11333333333333 7,0650432842228
1535 5,11666666666667 7,05101863375548
1536 5,12 7,0369979878035
1537 5,12333333333333 7,02298134310814
1538 5,12666666666667 7,00896869641486
1539 5,13 6,99496004447332
1540 5,13333333333333 6,98095538403732
1541 5,13666666666667 6,96695471186486
1542 5,14 6,95295802471807
1543 5,14333333333333 6,93896531936327
1544 5,14666666666667 6,92497659257089
1545 5,15 6,91099184111551
1546 5,15333333333333 6,89701106177584
1547 5,15666666666667 6,88303425133475
1548 5,16 6,86906140657915
1549 5,16333333333333 6,85509252430014
1550 5,16666666666667 6,84112760129287
1551 5,17 6,82716663435661
1552 5,17333333333333 6,81320962029474
1553 5,17666666666667 6,79925655591468
1554 5,18 6,78530743802796
1555 5,18333333333333 6,77136226345015
1556 5,18666666666667 6,75742102900093
1557 5,19 6,74348373150397
1558 5,19333333333333 6,72955036778705
1559 5,19666666666667 6,71562093468197
1560 5,2 6,70169542902454
1561 5,20333333333333 6,68777384765465
1562 5,20666666666667 6,67385618741617
1563 5,21 6,65994244515701
1564 5,21333333333333 6,64603261772907
1565 5,21666666666667 6,63212670198826
1566 5,22 6,6182246947945
1567 5,22333333333333 6,60432659301166
1568 5,22666666666667 6,59043239350765
1569 5,23 6,57654209315431
1570 5,23333333333333 6,56265568882745
1571 5,23666666666667 6,54877317740687
1572 5,24 6,5348945557763
1573 5,24333333333333 6,52101982082344
1574 5,24666666666667 6,50714896943989
1575 5,25 6,49328199852126
1576 5,25333333333333 6,47941890496702
1577 5,25666666666667 6,46555968568059
1578 5,26 6,45170433756931
1579 5,26333333333333 6,43785285754443
1580 5,26666666666667 6,42400524252108
1581 5,27 6,41016148941833
1582 5,27333333333333 6,39632159515908
1583 5,27666666666667 6,38248555667019
1584 5,28 6,36865337088233
1585 5,28333333333333 6,35482503473007
1586 5,28666666666667 6,34100054515183
1587 5,29 6,32717989908994
1588 5,29333333333333 6,3133630934905
1589 5,29666666666667 6,2995501253035
1590 5,3 6,28574099148278
1591 5,30333333333333 6,271935688986
1592 5,30666666666667 6,25813421477463
1593 5,31 6,24433656581398
1594 5,31333333333333 6,23054273907316
1595 5,31666666666667 6,21675273152511
1596 5,32 6,20296654014654
1597 5,32333333333333 6,18918416191798
1598 5,32666666666667 6,17540559382372
1599 5,33 6,16163083285187
1600 5,33333333333333 6,14785987599429
1601 5,33666666666667 6,1340927202466
1602 5,34 6,12032936260823
1603 5,34333333333333 6,1065698000823
1604 5,34666666666667 6,09281402967575
1605 5,35 6,0790620483992
1606 5,35333333333333 6,06531385326706
1607 5,35666666666667 6,05156944129745
1608 5,36 6,03782880951221
1609 5,36333333333333 6,02409195493691
1610 5,36666666666667 6,01035887460085
1611 5,37 5,99662956553699
1612 5,37333333333333 5,98290402478205
1613 5,37666666666667 5,96918224937639
1614 5,38 5,95546423636412
1615 5,38333333333333 5,94174998279297
1616 5,38666666666667 5,92803948571439
1617 5,39 5,91433274218349
1618 5,39333333333333 5,90062974925905
1619 5,39666666666667 5,88693050400349
1620 5,4 5,87323500348291
1621 5,40333333333333 5,85954324476703
1622 5,40666666666667 5,84585522492924
1623 5,41 5,83217094104655
1624 5,41333333333333 5,81849039019959
1625 5,41666666666667 5,80481356947262
1626 5,42 5,79114047595354
1627 5,42333333333333 5,77747110673383
1628 5,42666666666667 5,76380545890859
1629 5,43 5,75014352957652
1630 5,43333333333333 5,73648531583991
1631 5,43666666666667 5,72283081480463
1632 5,44 5,70918002358016
1633 5,44333333333333 5,69553293927953
1634 5,44666666666667 5,68188955901934
1635 5,45 5,66824987991977
1636 5,45333333333333 5,65461389910455
1637 5,45666666666667 5,64098161370096
1638 5,46 5,62735302083985
1639 5,46333333333333 5,61372811765556
1640 5,46666666666667 5,60010690128602
1641 5,47 5,58648936887266
1642 5,47333333333333 5,57287551756045
1643 5,47666666666667 5,55926534449787
1644 5,48 5,54565884683688
1645 5,48333333333333 5,53205602173303
1646 5,48666666666667 5,51845686634528
1647 5,49 5,50486137783614
1648 5,49333333333333 5,49126955337159
1649 5,49666666666667 5,4776813901211
1650 5,5 5,46409688525762
1651 5,50333333333333 5,45051603595757
1652 5,50666666666667 5,43693883940082
1653 5,51 5,42336529277075
1654 5,51333333333333 5,40979539325412
1655 5,51666666666667 5,39622913804122
1656 5,52 5,38266652432574
1657 5,52333333333333 5,3691075493048
1658 5,52666666666667 5,35555221017898
1659 5,53 5,34200050415228
1660 5,53333333333333 5,32845242843212
1661 5,53666666666667 5,31490798022932
1662 5,54 5,30136715675815
1663 5,54333333333333 5,28782995523626
1664 5,54666666666667 5,27429637288469
1665 5,55 5,26076640692789
1666 5,55333333333333 5,24724005459369
1667 5,55666666666667 5,23371731311334
1668 5,56 5,2201981797214
1669 5,56333333333333 5,20668265165586
1670 5,56666666666667 5,19317072615806
1671 5,57 5,17966240047268
1672 5,57333333333333 5,1661576718478
1673 5,57666666666667 5,1526565375348
1674 5,58 5,13915899478846
1675 5,58333333333333 5,12566504086685
1676 5,58666666666667 5,1121746730314
1677 5,59 5,09868788854687
1678 5,59333333333333 5,08520468468134
1679 5,59666666666667 5,0717250587062
1680 5,6 5,05824900789616
1681 5,60333333333333 5,04477652952925
1682 5,60666666666667 5,03130762088678
1683 5,61 5,01784227925337
1684 5,61333333333333 5,00438050191693
1685 5,61666666666667 4,99092228616867
1686 5,62 4,97746762930304
1687 5,62333333333333 4,96401652861782
1688 5,62666666666667 4,95056898141402
1689 5,63 4,93712498499593
1690 5,63333333333333 4,9236845366711
1691 5,63666666666667 4,91024763375034
1692 5,64 4,8968142735477
1693 5,64333333333333 4,88338445338048
1694 5,64666666666667 4,86995817056922
1695 5,65 4,85653542243769
1696 5,65333333333333 4,8431162063129
1697 5,65666666666667 4,82970051952506
1698 5,66 4,81628835940762
1699 5,66333333333333 4,80287972329724
1700 5,66666666666667 4,78947460853378
1701 5,67 4,77607301246032
1702 5,67333333333333 4,76267493242311
1703 5,67666666666667 4,74928036577161
1704 5,68 4,73588930985849
1705 5,68333333333333 4,72250176203955
1706 5,68666666666667 4,70911771967382
1707 5,69 4,69573718012347
1708 5,69333333333333 4,68236014075384
1709 5,69666666666667 4,66898659893344
1710 5,7 4,65561655203395
1711 5,70333333333333 4,64224999743019
1712 5,70666666666667 4,6288869325001
1713 5,71 4,61552735462482
1714 5,71333333333333 4,60217126118858
1715 5,71666666666667 4,58881864957876
1716 5,72 4,57546951718587
1717 5,72333333333333 4,56212386140353
1718 5,72666666666667 4,54878167962848
1719 5,73 4,53544296926059
1720 5,73333333333333 4,52210772770282
1721 5,73666666666667 4,50877595236124
1722 5,74 4,495447640645
1723 5,74333333333333 4,48212278996636
1724 5,74666666666667 4,46880139774068
1725 5,75 4,45548346138637
1726 5,75333333333333 4,44216897832495
1727 5,75666666666667 4,42885794598098
1728 5,76 4,41555036178212
1729 5,76333333333333 4,40224622315907
1730 5,76666666666667 4,3889455275456
1731 5,77 4,37564827237854
1732 5,77333333333333 4,36235445509774
1733 5,77666666666667 4,34906407314614
1734 5,78 4,33577712396966
1735 5,78333333333333 4,3224936050173
1736 5,78666666666667 4,3092135137411
1737 5,79 4,29593684759606
1738 5,79333333333333 4,28266360404027
1739 5,79666666666667 4,26939378053478
1740 5,8 4,2561273745437
1741 5,80333333333333 4,2428643835341
1742 5,80666666666667 4,22960480497608
1743 5,81 4,21634863634273
1744 5,81333333333333 4,20309587511012
1745 5,81666666666667 4,18984651875734
1746 5,82 4,1766005647664
1747 5,82333333333333 4,16335801062235
1748 5,82666666666667 4,15011885381318
1749 5,83 4,13688309182985
1750 5,83333333333333 4,12365072216628
1751 5,83666666666667 4,11042174231938
1752 5,84 4,09719614978897
1753 5,84333333333333 4,08397394207784
1754 5,84666666666667 4,07075511669173
1755 5,85 4,05753967113931
1756 5,85333333333333 4,04432760293218
1757 5,85666666666667 4,03111890958489
1758 5,86 4,01791358861489
1759 5,86333333333333 4,00471163754258
1760 5,86666666666667 3,99151305389126
1761 5,87 3,97831783518713
1762 5,87333333333333 3,96512597895933
1763 5,87666666666667 3,95193748273988
1764 5,88 3,9387523440637
1765 5,88333333333333 3,92557056046861
1766 5,88666666666667 3,91239212949531
1767 5,89 3,89921704868741
1768 5,89333333333333 3,88604531559136
1769 5,89666666666667 3,87287692775652
1770 5,9 3,85971188273511
1771 5,90333333333333 3,84655017808221
1772 5,90666666666667 3,83339181135578
1773 5,91 3,82023678011661
1774 5,91333333333333 3,80708508192838
1775 5,91666666666667 3,79393671435757
1776 5,92 3,78079167497355
1777 5,92333333333333 3,76764996134854
1778 5,92666666666667 3,75451157105751
1779 5,93 3,74137650167837
1780 5,93333333333333 3,72824475079179
1781 5,93666666666667 3,71511631598128
1782 5,94 3,70199119483315
1783 5,94333333333333 3,68886938493657
1784 5,94666666666667 3,67575088388347
1785 5,95 3,66263568926861
1786 5,95333333333333 3,64952379868956
1787 5,95666666666667 3,63641520974664
1788 5,96 3,62330992004302
1789 5,96333333333333 3,61020792718463
1790 5,96666666666667 3,59710922878015
1791 5,97 3,58401382244112
1792 5,97333333333333 3,57092170578176
1793 5,97666666666667 3,55783287641915
1794 5,98 3,54474733197306
1795 5,98333333333333 3,53166507006606
1796 5,98666666666667 3,51858608832348
1797 5,99 3,50551038437339
1798 5,99333333333333 3,49243795584661
1799 5,99666666666667 3,47936880037672
1800 6 3,4663029156
