1 0,833333333333333 1,53495318
2 1,66666666666667 1,53495318
3 2,5 1,53495318
4 3,33333333333333 1,53495318
5 4,16666666666667 1,53495318
6 5 1,53495318
7 5,83333333333333 1,53495318
8 6,66666666666667 1,53495318
9 7,5 1,53495318
10 8,33333333333333 1,53495318
11 9,16666666666667 1,53495318
12 10 1,53495318
13 10,8333333333333 1,53495318
14 11,6666666666667 1,53495318
15 12,5 1,53495318
16 13,3333333333333 1,53495318
17 14,1666666666667 1,53495318
18 15 1,53495318
19 15,8333333333333 1,53495318
20 16,6666666666667 1,53495318
21 17,5 1,53495318
22 18,3333333333333 1,53495318
23 19,1666666666667 1,53495318
24 20 1,53495318
25 20,8333333333333 1,53495318
26 21,6666666666667 1,53495318
27 22,5 1,53495318
28 23,3333333333333 1,53495318
29 24,1666666666667 1,53495318
30 25 1,53495318
31 25,8333333333333 1,53495318
32 26,6666666666667 1,53495318
33 27,5 1,53495318
34 28,3333333333333 1,53495318
35 29,1666666666667 1,53495318
36 30 1,53495318
37 30,8333333333333 1,53495318
38 31,6666666666667 1,53495318
39 32,5 1,53495318
40 33,3333333333333 1,53495318
41 34,1666666666667 1,53495318
42 35 1,53495318
43 35,8333333333333 1,53495318
44 36,6666666666667 1,53495318
45 37,5 1,53495318
46 38,3333333333333 1,53495318
47 39,1666666666667 1,53495318
48 40 1,53495318
49 40,8333333333333 1,53495318
50 41,6666666666667 1,53495318
51 42,5 1,53495318
52 43,3333333333333 1,53495318
53 44,1666666666667 1,53495318
54 45 1,53495318
55 45,8333333333333 1,53495318
56 46,6666666666667 1,53495318
57 47,5 1,53495318
58 48,3333333333333 1,53495318
59 49,1666666666667 1,53495318
60 50 1,53495318
61 50,8333333333333 1,53495318
62 51,6666666666667 1,53495318
63 52,5 1,53495318
64 53,3333333333333 1,53495318
65 54,1666666666667 1,53495318
66 55 1,53495318
67 55,8333333333333 1,53495318
68 56,6666666666667 1,53495318
69 57,5 1,53495318
70 58,3333333333333 1,53495318
71 59,1666666666667 1,53495318
72 60 1,53495318
73 60,8333333333333 1,53495318
74 61,6666666666667 1,53495318
75 62,5 1,53495318
76 63,3333333333333 1,53495318
77 64,1666666666667 1,53495318
78 65 1,53495318
79 65,8333333333333 1,53495318
80 66,6666666666667 1,53495318
81 67,5 1,53495318
82 68,3333333333333 1,53495318
83 69,1666666666667 1,53495318
84 70 1,53495318
85 70,8333333333333 1,53495318
86 71,6666666666667 1,53495318
87 72,5 1,53495318
88 73,3333333333333 1,53495318
89 74,1666666666667 1,53495318
90 75 1,53495318
91 75,8333333333333 1,53495318
92 76,6666666666667 1,53495318
93 77,5 1,53495318
94 78,3333333333333 1,53495318
95 79,1666666666667 1,53495318
96 80 1,53495318
97 80,8333333333333 1,53495318
98 81,6666666666667 1,53495318
99 82,5 1,53495318
100 83,3333333333333 1,53495318
101 84,1666666666667 1,53495318
102 85 1,53495318
103 85,8333333333333 1,53495318
104 86,6666666666667 1,53495318
105 87,5 1,53495318
106 88,3333333333333 1,53495318
107 89,1666666666667 1,53495318
108 90 1,53495318
109 90,8333333333333 1,53495318
110 91,6666666666667 1,53495318
111 92,5 1,53495318
112 93,3333333333333 1,53495318
113 94,1666666666667 1,53495318
114 95 1,53495318
115 95,8333333333333 1,53495318
116 96,6666666666667 1,53495318
117 97,5 1,53495318
118 98,3333333333333 1,53495318
119 99,1666666666667 1,53495318
120 100 1,53495318
121 100,833333333333 1,53495318
122 101,666666666667 1,53495318
123 102,5 1,53495318
124 103,333333333333 1,53495318
125 104,166666666667 1,53495318
126 105 1,53495318
127 105,833333333333 1,53495318
128 106,666666666667 1,53495318
129 107,5 1,53495318
130 108,333333333333 1,53495318
131 109,166666666667 1,53495318
132 110 1,53495318
133 110,833333333333 1,53495318
134 111,666666666667 1,53495318
135 112,5 1,53495318
136 113,333333333333 1,53495318
137 114,166666666667 1,53495318
138 115 1,53495318
139 115,833333333333 1,53495318
140 116,666666666667 1,53495318
141 117,5 1,53495318
142 118,333333333333 1,53495318
143 119,166666666667 1,53495318
144 120 1,53495318
145 120,833333333333 1,53495318
146 121,666666666667 1,53495318
147 122,5 1,53495318
148 123,333333333333 1,53495318
149 124,166666666667 1,53495318
150 125 1,53495318
151 125,833333333333 1,53495318
152 126,666666666667 1,53495318
153 127,5 1,53495318
154 128,333333333333 1,53495318
155 129,166666666667 1,53495318
156 130 1,53495318
157 130,833333333333 1,53495318
158 131,666666666667 1,53495318
159 132,5 1,53495318
160 133,333333333333 1,53495318
161 134,166666666667 1,53495318
162 135 1,53495318
163 135,833333333333 1,53495318
164 136,666666666667 1,53495318
165 137,5 1,53495318
166 138,333333333333 1,53495318
167 139,166666666667 1,53495318
168 140 1,53495318
169 140,833333333333 1,53495318
170 141,666666666667 1,53495318
171 142,5 1,53495318
172 143,333333333333 1,53495318
173 144,166666666667 1,53495318
174 145 1,53495318
175 145,833333333333 1,53495318
176 146,666666666667 1,53495318
177 147,5 1,53495318
178 148,333333333333 1,53495318
179 149,166666666667 1,53495318
180 150 1,53495318
181 150,833333333333 1,53495318
182 151,666666666667 1,53495318
183 152,5 1,53495318
184 153,333333333333 1,53495318
185 154,166666666667 1,53495318
186 155 1,53495318
187 155,833333333333 1,53495318
188 156,666666666667 1,53495318
189 157,5 1,53495318
190 158,333333333333 1,53495318
191 159,166666666667 1,53495318
192 160 1,53495318
193 160,833333333333 1,53495318
194 161,666666666667 1,53495318
195 162,5 1,53495318
196 163,333333333333 1,53495318
197 164,166666666667 1,53495318
198 165 1,53495318
199 165,833333333333 1,53495318
200 166,666666666667 1,53495318
201 167,5 1,53495318
202 168,333333333333 1,53495318
203 169,166666666667 1,53495318
204 170 1,53495318
205 170,833333333333 1,53495318
206 171,666666666667 1,53495318
207 172,5 1,53495318
208 173,333333333333 1,53495318
209 174,166666666667 1,53495318
210 175 1,53495318
211 175,833333333333 1,53495318
212 176,666666666667 1,53495318
213 177,5 1,53495318
214 178,333333333333 1,53495318
215 179,166666666667 1,53495318000001
216 180 1,53495318000001
217 180,833333333333 1,53495318000001
218 181,666666666667 1,53495318000001
219 182,5 1,53495318000001
220 183,333333333333 1,53495318000001
221 184,166666666667 1,53495318000001
222 185 1,53495318000001
223 185,833333333333 1,53495318000001
224 186,666666666667 1,53495318000001
225 187,5 1,53495318000001
226 188,333333333333 1,53495318000001
227 189,166666666667 1,53495318000001
228 190 1,53495318000002
229 190,833333333333 1,53495318000002
230 191,666666666667 1,53495318000002
231 192,5 1,53495318000002
232 193,333333333333 1,53495318000002
233 194,166666666667 1,53495318000002
234 195 1,53495318000003
235 195,833333333333 1,53495318000003
236 196,666666666667 1,53495318000003
237 197,5 1,53495318000003
238 198,333333333333 1,53495318000004
239 199,166666666667 1,53495318000004
240 200 1,53495318000004
241 200,833333333333 1,53495318000005
242 201,666666666667 1,53495318000005
243 202,5 1,53495318000005
244 203,333333333333 1,53495318000006
245 204,166666666667 1,53495318000006
246 205 1,53495318000007
247 205,833333333333 1,53495318000007
248 206,666666666667 1,53495318000008
249 207,5 1,53495318000009
250 208,333333333333 1,53495318000009
251 209,166666666667 1,5349531800001
252 210 1,53495318000011
253 210,833333333333 1,53495318000012
254 211,666666666667 1,53495318000013
255 212,5 1,53495318000014
256 213,333333333333 1,53495318000015
257 214,166666666667 1,53495318000016
258 215 1,53495318000017
259 215,833333333333 1,53495318000019
260 216,666666666667 1,5349531800002
261 217,5 1,53495318000022
262 218,333333333333 1,53495318000023
263 219,166666666667 1,53495318000025
264 220 1,53495318000027
265 220,833333333333 1,53495318000029
266 221,666666666667 1,53495318000031
267 222,5 1,53495318000034
268 223,333333333333 1,53495318000036
269 224,166666666667 1,53495318000039
270 225 1,53495318000042
271 225,833333333333 1,53495318000045
272 226,666666666667 1,53495318000048
273 227,5 1,53495318000052
274 228,333333333333 1,53495318000056
275 229,166666666667 1,5349531800006
276 230 1,53495318000064
277 230,833333333333 1,53495318000069
278 231,666666666667 1,53495318000074
279 232,5 1,53495318000079
280 233,333333333333 1,53495318000085
281 234,166666666667 1,53495318000091
282 235 1,53495318000097
283 235,833333333333 1,53495318000104
284 236,666666666667 1,53495318000112
285 237,5 1,5349531800012
286 238,333333333333 1,53495318000128
287 239,166666666667 1,53495318000137
288 240 1,53495318000146
289 240,833333333333 1,53495318000157
290 241,666666666667 1,53495318000168
291 242,5 1,53495318000179
292 243,333333333333 1,53495318000191
293 244,166666666667 1,53495318000205
294 245 1,53495318000219
295 245,833333333333 1,53495318000233
296 246,666666666667 1,53495318000249
297 247,5 1,53495318000266
298 248,333333333333 1,53495318000284
299 249,166666666667 1,53495318000303
300 250 1,53495318000323
301 250,833333333333 1,53495318000345
302 251,666666666667 1,53495318000368
303 252,5 1,53495318000392
304 253,333333333333 1,53495318000418
305 254,166666666667 1,53495318000446
306 255 1,53495318000475
307 255,833333333333 1,53495318000506
308 256,666666666667 1,53495318000539
309 257,5 1,53495318000574
310 258,333333333333 1,53495318000611
311 259,166666666667 1,5349531800065
312 260 1,53495318000692
313 260,833333333333 1,53495318000736
314 261,666666666667 1,53495318000783
315 262,5 1,53495318000833
316 263,333333333333 1,53495318000886
317 264,166666666667 1,53495318000942
318 265 1,53495318001001
319 265,833333333333 1,53495318001064
320 266,666666666667 1,53495318001131
321 267,5 1,53495318001201
322 268,333333333333 1,53495318001276
323 269,166666666667 1,53495318001355
324 270 1,53495318001439
325 270,833333333333 1,53495318001527
326 271,666666666667 1,53495318001621
327 272,5 1,5349531800172
328 273,333333333333 1,53495318001825
329 274,166666666667 1,53495318001936
330 275 1,53495318002053
331 275,833333333333 1,53495318002178
332 276,666666666667 1,53495318002309
333 277,5 1,53495318002447
334 278,333333333333 1,53495318002594
335 279,166666666667 1,53495318002749
336 280 1,53495318002912
337 280,833333333333 1,53495318003085
338 281,666666666667 1,53495318003268
339 282,5 1,5349531800346
340 283,333333333333 1,53495318003664
341 284,166666666667 1,53495318003879
342 285 1,53495318004105
343 285,833333333333 1,53495318004345
344 286,666666666667 1,53495318004597
345 287,5 1,53495318004863
346 288,333333333333 1,53495318005144
347 289,166666666667 1,5349531800544
348 290 1,53495318005752
349 290,833333333333 1,53495318006082
350 291,666666666667 1,53495318006429
351 292,5 1,53495318006794
352 293,333333333333 1,5349531800718
353 294,166666666667 1,53495318007586
354 295 1,53495318008014
355 295,833333333333 1,53495318008464
356 296,666666666667 1,53495318008939
357 297,5 1,53495318009439
358 298,333333333333 1,53495318009965
359 299,166666666667 1,53495318010519
360 300 1,53495318011102
361 300,833333333333 1,53495318011716
362 301,666666666667 1,53495318012362
363 302,5 1,53495318013041
364 303,333333333333 1,53495318013756
365 304,166666666667 1,53495318014508
366 305 1,53495318015298
367 305,833333333333 1,5349531801613
368 306,666666666667 1,53495318017004
369 307,5 1,53495318017923
370 308,333333333333 1,53495318018888
371 309,166666666667 1,53495318019904
372 310 1,5349531802097
373 310,833333333333 1,53495318022091
374 311,666666666667 1,53495318023269
375 312,5 1,53495318024505
376 313,333333333333 1,53495318025804
377 314,166666666667 1,53495318027169
378 315 1,53495318028601
379 315,833333333333 1,53495318030105
380 316,666666666667 1,53495318031683
381 317,5 1,5349531803334
382 318,333333333333 1,53495318035079
383 319,166666666667 1,53495318036904
384 320 1,53495318038818
385 320,833333333333 1,53495318040826
386 321,666666666667 1,53495318042933
387 322,5 1,53495318045142
388 323,333333333333 1,53495318047459
389 324,166666666667 1,53495318049889
390 325 1,53495318052436
391 325,833333333333 1,53495318055106
392 326,666666666667 1,53495318057905
393 327,5 1,53495318060838
394 328,333333333333 1,53495318063912
395 329,166666666667 1,53495318067133
396 330 1,53495318070507
397 330,833333333333 1,53495318074041
398 331,666666666667 1,53495318077744
399 332,5 1,53495318081621
400 333,333333333333 1,53495318085682
401 334,166666666667 1,53495318089933
402 335 1,53495318094384
403 335,833333333333 1,53495318099044
404 336,666666666667 1,53495318103921
405 337,5 1,53495318109025
406 338,333333333333 1,53495318114366
407 339,166666666667 1,53495318119955
408 340 1,53495318125803
409 340,833333333333 1,5349531813192
410 341,666666666667 1,53495318138318
411 342,5 1,53495318145011
412 343,333333333333 1,53495318152009
413 344,166666666667 1,53495318159327
414 345 1,53495318166978
415 345,833333333333 1,53495318174977
416 346,666666666667 1,53495318183339
417 347,5 1,53495318192078
418 348,333333333333 1,53495318201212
419 349,166666666667 1,53495318210756
420 350 1,53495318220729
421 350,833333333333 1,53495318231149
422 351,666666666667 1,53495318242034
423 352,5 1,53495318253403
424 353,333333333333 1,53495318265278
425 354,166666666667 1,5349531827768
426 355 1,5349531829063
427 355,833333333333 1,53495318304152
428 356,666666666667 1,53495318318269
429 357,5 1,53495318333006
430 358,333333333333 1,53495318348388
431 359,166666666667 1,53495318364443
432 360 1,53495318381198
433 360,833333333333 1,53495318398682
434 361,666666666667 1,53495318416924
435 362,5 1,53495318435957
436 363,333333333333 1,53495318455811
437 364,166666666667 1,53495318476521
438 365 1,53495318498122
439 365,833333333333 1,53495318520649
440 366,666666666667 1,5349531854414
441 367,5 1,53495318568634
442 368,333333333333 1,53495318594171
443 369,166666666667 1,53495318620793
444 370 1,53495318648544
445 370,833333333333 1,53495318677469
446 371,666666666667 1,53495318707615
447 372,5 1,5349531873903
448 373,333333333333 1,53495318771765
449 374,166666666667 1,53495318805872
450 375 1,53495318841405
451 375,833333333333 1,53495318878421
452 376,666666666667 1,53495318916978
453 377,5 1,53495318957137
454 378,333333333333 1,53495318998959
455 379,166666666667 1,53495319042511
456 380 1,5349531908786
457 380,833333333333 1,53495319135076
458 381,666666666667 1,53495319184231
459 382,5 1,53495319235401
460 383,333333333333 1,53495319288663
461 384,166666666667 1,53495319344098
462 385 1,53495319401789
463 385,833333333333 1,53495319461825
464 386,666666666667 1,53495319524293
465 387,5 1,53495319589288
466 388,333333333333 1,53495319656905
467 389,166666666667 1,53495319727245
468 390 1,53495319800411
469 390,833333333333 1,5349531987651
470 391,666666666667 1,53495319955653
471 392,5 1,53495320037955
472 393,333333333333 1,53495320123535
473 394,166666666667 1,53495320212516
474 395 1,53495320305025
475 395,833333333333 1,53495320401196
476 396,666666666667 1,53495320501164
477 397,5 1,53495320605071
478 398,333333333333 1,53495320713063
479 399,166666666667 1,53495320825292
480 400 1,53495320941915
481 400,833333333333 1,53495321063094
482 401,666666666667 1,53495321188997
483 402,5 1,53495321319798
484 403,333333333333 1,53495321455677
485 404,166666666667 1,53495321596819
486 405 1,53495321743417
487 405,833333333333 1,53495321895671
488 406,666666666667 1,53495322053786
489 407,5 1,53495322217974
490 408,333333333333 1,53495322388456
491 409,166666666667 1,53495322565461
492 410 1,53495322749222
493 410,833333333333 1,53495322939984
494 411,666666666667 1,53495323137999
495 412,5 1,53495323343525
496 413,333333333333 1,53495323556834
497 414,166666666667 1,53495323778202
498 415 1,53495324007917
499 415,833333333333 1,53495324246275
500 416,666666666667 1,53495324493585
501 417,5 1,53495324750162
502 418,333333333333 1,53495325016336
503 419,166666666667 1,53495325292443
504 420 1,53495325578836
505 420,833333333333 1,53495325875874
506 421,666666666667 1,53495326183932
507 422,5 1,53495326503395
508 423,333333333333 1,53495326834661
509 424,166666666667 1,53495327178143
510 425 1,53495327534266
511 425,833333333333 1,53495327903467
512 426,666666666667 1,53495328286202
513 427,5 1,53495328682938
514 428,333333333333 1,53495329094157
515 429,166666666667 1,53495329520361
516 430 1,53495329962062
517 430,833333333333 1,53495330419795
518 431,666666666667 1,53495330894107
519 432,5 1,53495331385565
520 433,333333333333 1,53495331894755
521 434,166666666667 1,5349533242228
522 435 1,53495332968763
523 435,833333333333 1,53495333534848
524 436,666666666667 1,53495334121197
525 437,5 1,53495334728496
526 438,333333333333 1,53495335357451
527 439,166666666667 1,53495336008791
528 440 1,53495336683267
529 440,833333333333 1,53495337381656
530 441,666666666667 1,53495338104758
531 442,5 1,53495338853398
532 443,333333333333 1,53495339628426
533 444,166666666667 1,53495340430723
534 445 1,53495341261191
535 445,833333333333 1,53495342120766
536 446,666666666667 1,53495343010411
537 447,5 1,53495343931117
538 448,333333333333 1,53495344883909
539 449,166666666667 1,53495345869842
540 450 1,53495346890004
541 450,833333333333 1,53495347945517
542 451,666666666667 1,53495349037536
543 452,5 1,53495350167255
544 453,333333333333 1,534953513359
545 454,166666666667 1,53495352544739
546 455 1,53495353795075
547 455,833333333333 1,53495355088254
548 456,666666666667 1,53495356425661
549 457,5 1,53495357808724
550 458,333333333333 1,53495359238914
551 459,166666666667 1,53495360717747
552 460 1,53495362246784
553 460,833333333333 1,53495363827635
554 461,666666666667 1,53495365461955
555 462,5 1,53495367151454
556 463,333333333333 1,53495368897888
557 464,166666666667 1,53495370703069
558 465 1,53495372568863
559 465,833333333333 1,5349537449719
560 466,666666666667 1,53495376490029
561 467,5 1,53495378549416
562 468,333333333333 1,53495380677451
563 469,166666666667 1,53495382876292
564 470 1,53495385148163
565 470,833333333333 1,53495387495354
566 471,666666666667 1,53495389920223
567 472,5 1,53495392425196
568 473,333333333333 1,5349539501277
569 474,166666666667 1,53495397685517
570 475 1,53495400446083
571 475,833333333333 1,53495403297191
572 476,666666666667 1,53495406241646
573 477,5 1,53495409282333
574 478,333333333333 1,53495412422219
575 479,166666666667 1,5349541566436
576 480 1,53495419011899
577 480,833333333333 1,53495422468071
578 481,666666666667 1,53495426036204
579 482,5 1,53495429719722
580 483,333333333333 1,53495433522145
581 484,166666666667 1,53495437447099
582 485 1,5349544149831
583 485,833333333333 1,53495445679613
584 486,666666666667 1,5349544999495
585 487,5 1,53495454448377
586 488,333333333333 1,53495459044067
587 489,166666666667 1,53495463786309
588 490 1,53495468679514
589 490,833333333333 1,53495473728221
590 491,666666666667 1,53495478937092
591 492,5 1,53495484310926
592 493,333333333333 1,53495489854654
593 494,166666666667 1,53495495573346
594 495 1,53495501472215
595 495,833333333333 1,53495507556621
596 496,666666666667 1,53495513832072
597 497,5 1,53495520304231
598 498,333333333333 1,5349552697892
599 499,166666666667 1,53495533862121
600 500 1,53495540959983
601 500,833333333333 1,53495548278827
602 501,666666666667 1,53495555825146
603 502,5 1,53495563605617
604 503,333333333333 1,53495571627097
605 504,166666666667 1,53495579896635
606 505 1,53495588421472
607 505,833333333333 1,53495597209049
608 506,666666666667 1,53495606267011
609 507,5 1,53495615603213
610 508,333333333333 1,53495625225722
611 509,166666666667 1,53495635142827
612 510 1,53495645363045
613 510,833333333333 1,5349565589512
614 511,666666666667 1,53495666748037
615 512,5 1,53495677931023
616 513,333333333333 1,53495689453555
617 514,166666666667 1,53495701325366
618 515 1,53495713556452
619 515,833333333333 1,53495726157077
620 516,666666666667 1,53495739137783
621 517,5 1,53495752509392
622 518,333333333333 1,53495766283019
623 519,166666666667 1,53495780470075
624 520 1,53495795082275
625 520,833333333333 1,53495810131647
626 521,666666666667 1,53495825630541
627 522,5 1,53495841591632
628 523,333333333333 1,53495858027934
629 524,166666666667 1,53495874952804
630 525 1,53495892379954
631 525,833333333333 1,53495910323457
632 526,666666666667 1,53495928797756
633 527,5 1,53495947817677
634 528,333333333333 1,53495967398433
635 529,166666666667 1,53495987555638
636 530 1,53496008305314
637 530,833333333333 1,53496029663902
638 531,666666666667 1,53496051648273
639 532,5 1,53496074275737
640 533,333333333333 1,53496097564056
641 534,166666666667 1,53496121531453
642 535 1,53496146196623
643 535,833333333333 1,53496171578745
644 536,666666666667 1,53496197697496
645 537,5 1,53496224573061
646 538,333333333333 1,53496252226143
647 539,166666666667 1,53496280677981
648 540 1,53496309950358
649 540,833333333333 1,53496340065617
650 541,666666666667 1,53496371046672
651 542,5 1,53496402917026
652 543,333333333333 1,5349643570078
653 544,166666666667 1,5349646942265
654 545 1,53496504107983
655 545,833333333333 1,53496539782768
656 546,666666666667 1,53496576473655
657 547,5 1,53496614207971
658 548,333333333333 1,53496653013731
659 549,166666666667 1,53496692919661
660 550 1,53496733955212
661 550,833333333333 1,53496776150573
662 551,666666666667 1,53496819536697
663 552,5 1,53496864145311
664 553,333333333333 1,5349691000894
665 554,166666666667 1,53496957160921
666 555 1,53497005635426
667 555,833333333333 1,53497055467479
668 556,666666666667 1,53497106692978
669 557,5 1,53497159348714
670 558,333333333333 1,53497213472392
671 559,166666666667 1,53497269102651
672 560 1,53497326279089
673 560,833333333333 1,53497385042284
674 561,666666666667 1,53497445433813
675 562,5 1,53497507496282
676 563,333333333333 1,53497571273344
677 564,166666666667 1,53497636809726
678 565 1,53497704151253
679 565,833333333333 1,53497773344872
680 566,666666666667 1,53497844438681
681 567,5 1,53497917481953
682 568,333333333333 1,53497992525162
683 569,166666666667 1,53498069620014
684 570 1,53498148819472
685 570,833333333333 1,53498230177785
686 571,666666666667 1,53498313750519
687 572,5 1,53498399594586
688 573,333333333333 1,53498487768275
689 574,166666666667 1,53498578331281
690 575 1,53498671344741
691 575,833333333333 1,53498766871261
692 576,666666666667 1,53498864974957
693 577,5 1,53498965721479
694 578,333333333333 1,53499069178056
695 579,166666666667 1,53499175413523
696 580 1,53499284498362
697 580,833333333333 1,53499396504737
698 581,666666666667 1,53499511506532
699 582,5 1,53499629579391
700 583,333333333333 1,53499750800754
701 584,166666666667 1,53499875249898
702 585 1,53500003007982
703 585,833333333333 1,53500134158082
704 586,666666666667 1,5350026878524
705 587,5 1,53500406976502
706 588,333333333333 1,53500548820967
707 589,166666666667 1,5350069440983
708 590 1,53500843836426
709 590,833333333333 1,53500997196283
710 591,666666666667 1,53501154587166
711 592,5 1,53501316109126
712 593,333333333333 1,53501481864552
713 594,166666666667 1,53501651958221
714 595 1,53501826497351
715 595,833333333333 1,53502005591655
716 596,666666666667 1,53502189353392
717 597,5 1,53502377897426
718 598,333333333333 1,53502571341283
719 599,166666666667 1,53502769805204
720 600 1,53502973412211
721 600,833333333333 1,53503182288159
722 601,666666666667 1,53503396561807
723 602,5 1,53503616364871
724 603,333333333333 1,53503841832093
725 604,166666666667 1,53504073101308
726 605 1,53504310313504
727 605,833333333333 1,53504553612896
728 606,666666666667 1,53504803146993
729 607,5 1,53505059066667
730 608,333333333333 1,53505321526226
731 609,166666666667 1,5350559068349
732 610 1,5350586669986
733 610,833333333333 1,53506149740402
734 611,666666666667 1,53506439973916
735 612,5 1,53506737573023
736 613,333333333333 1,53507042714243
737 614,166666666667 1,53507355578077
738 615 1,53507676349092
739 615,833333333333 1,53508005216006
740 616,666666666667 1,53508342371778
741 617,5 1,53508688013694
742 618,333333333333 1,5350904234346
743 619,166666666667 1,53509405567295
744 620 1,53509777896025
745 620,833333333333 1,53510159545179
746 621,666666666667 1,53510550735089
747 622,5 1,53510951690988
748 623,333333333333 1,53511362643116
749 624,166666666667 1,5351178382682
750 625 1,53512215482663
751 625,833333333333 1,53512657856531
752 626,666666666667 1,53513111199745
753 627,5 1,53513575769171
754 628,333333333333 1,53514051827339
755 629,166666666667 1,53514539642556
756 630 1,53515039489026
757 630,833333333333 1,53515551646975
758 631,666666666667 1,53516076402768
759 632,5 1,53516614049044
760 633,333333333333 1,53517164884838
761 634,166666666667 1,53517729215714
762 635 1,53518307353899
763 635,833333333333 1,53518899618421
764 636,666666666667 1,53519506335244
765 637,5 1,53520127837415
766 638,333333333333 1,535207644652
767 639,166666666667 1,53521416566239
768 640 1,53522084495693
769 640,833333333333 1,53522768616393
770 641,666666666667 1,53523469299002
771 642,5 1,53524186922167
772 643,333333333333 1,53524921872684
773 644,166666666667 1,53525674545663
774 645 1,53526445344692
775 645,833333333333 1,53527234682011
776 646,666666666667 1,53528042978686
777 647,5 1,53528870664781
778 648,333333333333 1,53529718179546
779 649,166666666667 1,53530585971596
780 650 1,53531474499098
781 650,833333333333 1,53532384229966
782 651,666666666667 1,53533315642048
783 652,5 1,53534269223334
784 653,333333333333 1,53535245472147
785 654,166666666667 1,53536244897356
786 655 1,53537268018583
787 655,833333333333 1,53538315366413
788 656,666666666667 1,53539387482616
789 657,5 1,53540484920365
790 658,333333333333 1,5354160824446
791 659,166666666667 1,53542758031562
792 660 1,5354393487042
793 660,833333333333 1,53545139362114
794 661,666666666667 1,53546372120295
795 662,5 1,5354763377143
796 663,333333333333 1,53548924955057
797 664,166666666667 1,53550246324036
798 665 1,53551598544813
799 665,833333333333 1,53552982297684
800 666,666666666667 1,53554398277062
801 667,5 1,53555847191758
802 668,333333333333 1,53557329765254
803 669,166666666667 1,53558846735992
804 670 1,53560398857662
805 670,833333333333 1,53561986899499
806 671,666666666667 1,53563611646583
807 672,5 1,53565273900144
808 673,333333333333 1,53566974477874
809 674,166666666667 1,53568714214246
810 675 1,53570493960832
811 675,833333333333 1,53572314586638
812 676,666666666667 1,53574176978434
813 677,5 1,53576082041097
814 678,333333333333 1,53578030697954
815 679,166666666667 1,53580023891139
816 680 1,53582062581952
817 680,833333333333 1,53584147751219
818 681,666666666667 1,53586280399671
819 682,5 1,5358846154832
820 683,333333333333 1,5359069223884
821 684,166666666667 1,53592973533968
822 685 1,53595306517893
823 685,833333333333 1,53597692296673
824 686,666666666667 1,53600131998637
825 687,5 1,53602626774817
826 688,333333333333 1,53605177799364
827 689,166666666667 1,53607786269997
828 690 1,53610453408433
829 690,833333333333 1,53613180460848
830 691,666666666667 1,5361596869833
831 692,5 1,53618819417351
832 693,333333333333 1,53621733940236
833 694,166666666667 1,53624713615652
834 695 1,53627759819096
835 695,833333333333 1,53630873953398
836 696,666666666667 1,53634057449229
837 697,5 1,53637311765618
838 698,333333333333 1,53640638390482
839 699,166666666667 1,53644038841159
840 700 1,53647514664955
841 700,833333333333 1,53651067439697
842 701,666666666667 1,53654698774301
843 702,5 1,53658410309343
844 703,333333333333 1,53662203717644
845 704,166666666667 1,53666080704863
846 705 1,53670043010105
847 705,833333333333 1,53674092406529
848 706,666666666667 1,53678230701982
849 707,5 1,53682459739626
850 708,333333333333 1,53686781398591
851 709,166666666667 1,5369119759463
852 710 1,53695710280789
853 710,833333333333 1,53700321448086
854 711,666666666667 1,53705033126205
855 712,5 1,53709847384201
856 713,333333333333 1,53714766331209
857 714,166666666667 1,53719792117179
858 715 1,53724926933615
859 715,833333333333 1,53730173014323
860 716,666666666667 1,53735532636181
861 717,5 1,53741008119918
862 718,333333333333 1,53746601830899
863 719,166666666667 1,53752316179937
864 720 1,53758153624108
865 720,833333333333 1,53764116667582
866 721,666666666667 1,5377020786247
867 722,5 1,53776429809685
868 723,333333333333 1,53782785159816
869 724,166666666667 1,53789276614015
870 725 1,53795906924903
871 725,833333333333 1,53802678897489
872 726,666666666667 1,53809595390102
873 727,5 1,53816659315343
874 728,333333333333 1,53823873641051
875 729,166666666667 1,53831241391282
876 730 1,53838765647307
877 730,833333333333 1,53846449548629
878 731,666666666667 1,5385429629401
879 732,5 1,53862309142523
880 733,333333333333 1,53870491414614
881 734,166666666667 1,53878846493187
882 735 1,53887377824701
883 735,833333333333 1,53896088920294
884 736,666666666667 1,53904983356916
885 737,5 1,53914064778484
886 738,333333333333 1,5392333689706
887 739,166666666667 1,5393280349404
888 740 1,53942468421372
889 740,833333333333 1,53952335602784
890 741,666666666667 1,5396240903504
891 742,5 1,53972692789212
892 743,333333333333 1,53983191011972
893 744,166666666667 1,53993907926913
894 745 1,54004847835876
895 745,833333333333 1,54016015120314
896 746,666666666667 1,54027414242671
897 747,5 1,54039049747782
898 748,333333333333 1,54050926264296
899 749,166666666667 1,54063048506127
900 750 1,54075421273922
901 750,833333333333 1,54088049456555
902 751,666666666667 1,54100938032647
903 752,5 1,54114092072104
904 753,333333333333 1,54127516737689
905 754,166666666667 1,5414121728661
906 755 1,54155199072139
907 755,833333333333 1,54169467545255
908 756,666666666667 1,54184028256309
909 757,5 1,54198886856728
910 758,333333333333 1,54214049100729
911 759,166666666667 1,54229520847073
912 760 1,5424530806084
913 760,833333333333 1,54261416815236
914 761,666666666667 1,54277853293428
915 762,5 1,54294623790402
916 763,333333333333 1,54311734714859
917 764,166666666667 1,54329192591136
918 765 1,54347004061156
919 765,833333333333 1,54365175886413
920 766,666666666667 1,54383714949981
921 767,5 1,54402628258565
922 768,333333333333 1,5442192294457
923 769,166666666667 1,54441606268217
924 770 1,54461685619681
925 770,833333333333 1,54482168521266
926 771,666666666667 1,54503062629615
927 772,5 1,54524375737952
928 773,333333333333 1,54546115778361
929 774,166666666667 1,54568290824096
930 775 1,54590909091932
931 775,833333333333 1,5461397894455
932 776,666666666667 1,54637508892956
933 777,5 1,54661507598941
934 778,333333333333 1,54685983877576
935 779,166666666667 1,54710946699749
936 780 1,54736405194735
937 780,833333333333 1,54762368652809
938 781,666666666667 1,54788846527902
939 782,5 1,54815848440289
940 783,333333333333 1,54843384179324
941 784,166666666667 1,54871463706216
942 785 1,54900097156846
943 785,833333333333 1,54929294844627
944 786,666666666667 1,54959067263406
945 787,5 1,5498942509041
946 788,333333333333 1,55020379189241
947 789,166666666667 1,5505194061291
948 790 1,55084120606915
949 790,833333333333 1,55116930612379
950 791,666666666667 1,55150382269214
951 792,5 1,55184487419349
952 793,333333333333 1,55219258110004
953 794,166666666667 1,55254706596999
954 795 1,55290845348134
955 795,833333333333 1,55327687046601
956 796,666666666667 1,55365244594455
957 797,5 1,55403531116136
958 798,333333333333 1,5544255996204
959 799,166666666667 1,55482344712148
960 800 1,55522899179702
961 800,833333333333 1,55564237414939
962 801,666666666667 1,55606373708882
963 802,5 1,55649322597181
964 803,333333333333 1,55693098864013
965 804,166666666667 1,5573771754604
966 805 1,55783193936426
967 805,833333333333 1,55829543588906
968 806,666666666667 1,55876782321924
969 807,5 1,5592492622282
970 808,333333333333 1,55973991652088
971 809,166666666667 1,56023995247689
972 810 1,56074953929429
973 810,833333333333 1,561268849034
974 811,666666666667 1,56179805666482
975 812,5 1,56233734010916
976 813,333333333333 1,56288688028936
977 814,166666666667 1,56344686117471
978 815 1,56401746982911
979 815,833333333333 1,56459889645949
980 816,666666666667 1,5651913344648
981 817,5 1,56579498048578
982 818,333333333333 1,56641003445543
983 819,166666666667 1,56703669965016
984 820 1,56767518274168
985 820,833333333333 1,56832569384963
986 821,666666666667 1,56898844659494
987 822,5 1,56966365815394
988 823,333333333333 1,57035154931324
989 824,166666666667 1,57105234452536
990 825 1,57176627196515
991 825,833333333333 1,57249356358697
992 826,666666666667 1,57323445518272
993 827,5 1,57398918644062
994 828,333333333333 1,57475800100483
995 829,166666666667 1,57554114653587
996 830 1,57633887477191
997 830,833333333333 1,57715144159089
998 831,666666666667 1,57797910707346
999 832,5 1,5788221355668
1000 833,333333333333 1,57968079574936
1001 834,166666666667 1,58055536069639
1002 835 1,58144610794647
1003 835,833333333333 1,5823533195688
1004 836,666666666667 1,58327728223156
1005 837,5 1,58421828727108
1006 838,333333333333 1,58517663076196
1007 839,166666666667 1,58615261358819
1008 840 1,58714654151515
1009 840,833333333333 1,58815872526261
1010 841,666666666667 1,58918948057869
1011 842,5 1,5902391283148
1012 843,333333333333 1,59130799450164
1013 844,166666666667 1,59239641042604
1014 845 1,59350471270903
1015 845,833333333333 1,59463324338473
1016 846,666666666667 1,59578234998045
1017 847,5 1,59695238559768
1018 848,333333333333 1,5981437089943
1019 849,166666666667 1,59935668466769
1020 850 1,60059168293903
1021 850,833333333333 1,60184908003868
1022 851,666666666667 1,6031292581926
1023 852,5 1,60443260570993
1024 853,333333333333 1,60575951707171
1025 854,166666666667 1,60711039302063
1026 855 1,60848564065206
1027 855,833333333333 1,60988567350613
1028 856,666666666667 1,61131091166104
1029 857,5 1,61276178182746
1030 858,333333333333 1,61423871744423
1031 859,166666666667 1,61574215877517
1032 860 1,6172725530071
1033 860,833333333333 1,61883035434916
1034 861,666666666667 1,62041602413324
1035 862,5 1,62203003091575
1036 863,333333333333 1,62367285058055
1037 864,166666666667 1,62534496644325
1038 865 1,62704686935666
1039 865,833333333333 1,62877905781761
1040 866,666666666667 1,63054203807503
1041 867,5 1,63233632423931
1042 868,333333333333 1,63416243839299
1043 869,166666666667 1,63602091070281
1044 870 1,63791227953301
1045 870,833333333333 1,63983709156005
1046 871,666666666667 1,64179590188863
1047 872,5 1,64378927416907
1048 873,333333333333 1,64581778071614
1049 874,166666666667 1,64788200262912
1050 875 1,64998252991342
1051 875,833333333333 1,65211996160346
1052 876,666666666667 1,65429490588703
1053 877,5 1,65650798023107
1054 878,333333333333 1,65875981150881
1055 879,166666666667 1,66105103612842
1056 880 1,66338230016306
1057 880,833333333333 1,66575425948238
1058 881,666666666667 1,66816757988548
1059 882,5 1,67062293723534
1060 883,333333333333 1,67312101759475
1061 884,166666666667 1,67566251736365
1062 885 1,67824814341802
1063 885,833333333333 1,68087861325021
1064 886,666666666667 1,68355465511084
1065 887,5 1,68627700815214
1066 888,333333333333 1,6890464225728
1067 889,166666666667 1,69186365976441
1068 890 1,69472949245932
1069 890,833333333333 1,69764470488011
1070 891,666666666667 1,70061009289053
1071 892,5 1,70362646414801
1072 893,333333333333 1,7066946382577
1073 894,166666666667 1,70981544692804
1074 895 1,71298973412785
1075 895,833333333333 1,71621835624507
1076 896,666666666667 1,71950218224686
1077 897,5 1,72284209384145
1078 898,333333333333 1,7262389856414
1079 899,166666666667 1,72969376532846
1080 900 1,73320735381998
1081 900,833333333333 1,73678068543683
1082 901,666666666667 1,74041470807293
1083 902,5 1,74411038336627
1084 903,333333333333 1,74786868687147
1085 904,166666666667 1,75169060823392
1086 905 1,75557715136542
1087 905,833333333333 1,75952933462134
1088 906,666666666667 1,7635481909793
1089 907,5 1,76763476821946
1090 908,333333333333 1,77179012910612
1091 909,166666666667 1,77601535157105
1092 910 1,78031152889813
1093 910,833333333333 1,78467976990958
1094 911,666666666667 1,78912119915362
1095 912,5 1,79363695709359
1096 913,333333333333 1,79822820029851
1097 914,166666666667 1,80289610163511
1098 915 1,80764185046128
1099 915,833333333333 1,81246665282084
1100 916,666666666667 1,81737173163981
1101 917,5 1,82235832692398
1102 918,333333333333 1,82742769595789
1103 919,166666666667 1,83258111350505
1104 920 1,83781987200956
1105 920,833333333333 1,843145281799
1106 921,666666666667 1,84855867128853
1107 922,5 1,85406138718631
1108 923,333333333333 1,85965479470008
1109 924,166666666667 1,86534027774493
1110 925 1,87111923915227
1111 925,833333333333 1,87699310087985
1112 926,666666666667 1,88296330422299
1113 927,5 1,88903131002673
1114 928,333333333333 1,89519859889912
1115 929,166666666667 1,90146667142547
1116 930 1,9078370483835
1117 930,833333333333 1,91431127095948
1118 931,666666666667 1,92089090096517
1119 932,5 1,92757752105565
1120 933,333333333333 1,93437273494786
1121 934,166666666667 1,94127816763995
1122 935 1,9482954656312
1123 935,833333333333 1,95542629714275
1124 936,666666666667 1,96267235233871
1125 937,5 1,97003534354792
1126 938,333333333333 1,97751700548614
1127 939,166666666667 1,98511909547866
1128 940 1,99284339368319
1129 940,833333333333 2,00069170331314
1130 941,666666666667 2,008665850861
1131 942,5 2,01676768632191
1132 943,333333333333 2,02499908341737
1133 944,166666666667 2,03336193981878
1134 945 2,04185817737109
1135 945,833333333333 2,05048974231611
1136 946,666666666667 2,05925860551577
1137 947,5 2,06816676267487
1138 948,333333333333 2,07721623456353
1139 949,166666666667 2,0864090672391
1140 950 2,0957473322675
1141 950,833333333333 2,10523312694381
1142 951,666666666667 2,11486857451208
1143 952,5 2,12465582438433
1144 953,333333333333 2,13459705235841
1145 954,166666666667 2,14469446083486
1146 955 2,15495027903249
1147 955,833333333333 2,16536676320262
1148 956,666666666667 2,17594619684193
1149 957,5 2,18669089090359
1150 958,333333333333 2,19760318400687
1151 959,166666666667 2,20868544264471
1152 960 2,21994006138951
1153 960,833333333333 2,23136946309668
1154 961,666666666667 2,242976099106
1155 962,5 2,25476244944055
1156 963,333333333333 2,26673102300317
1157 964,166666666667 2,27888435777014
1158 965 2,29122502098208
1159 965,833333333333 2,30375560933176
1160 966,666666666667 2,31647874914882
1161 967,5 2,32939709658111
1162 968,333333333333 2,34251333777247
1163 969,166666666667 2,35583018903686
1164 970 2,36935039702861
1165 970,833333333333 2,38307673890861
1166 971,666666666667 2,39701202250616
1167 972,5 2,41115908647651
1168 973,333333333333 2,42552080045364
1169 974,166666666667 2,44010006519817
1170 975 2,45489981274032
1171 975,833333333333 2,46992300651747
1172 976,666666666667 2,48517264150627
1173 977,5 2,50065174434901
1174 978,333333333333 2,51636337347405
1175 979,166666666667 2,53231061921005
1176 980 2,54849660389381
1177 980,833333333333 2,56492448197134
1178 981,666666666667 2,58159744009215
1179 982,5 2,59851869719627
1180 983,333333333333 2,61569150459383
1181 984,166666666667 2,63311914603706
1182 985 2,65080493778414
1183 985,833333333333 2,66875222865502
1184 986,666666666667 2,68696440007856
1185 987,5 2,70544486613091
1186 988,333333333333 2,72419707356488
1187 989,166666666667 2,74322450182979
1188 990 2,76253066308176
1189 990,833333333333 2,7821191021839
1190 991,666666666667 2,8019933966963
1191 992,5 2,82215715685531
1192 993,333333333333 2,84261402554198
1193 994,166666666667 2,86336767823914
1194 995 2,884421822977
1195 995,833333333333 2,9057802002667
1196 996,666666666667 2,92744658302173
1197 997,5 2,94942477646662
1198 998,333333333333 2,97171861803276
1199 999,166666666667 2,99433197724089
1200 1000 3,01726875556986
1201 1000,83333333333 3,04053288631149
1202 1001,66666666667 3,06412833441085
1203 1002,5 3,08805909629198
1204 1003,33333333333 3,11232919966826
1205 1004,16666666667 3,13694270333747
1206 1005 3,16190369696071
1207 1005,83333333333 3,18721630082526
1208 1006,66666666667 3,21288466559059
1209 1007,5 3,23891297201737
1210 1008,33333333333 3,26530543067903
1211 1009,16666666667 3,29206628165534
1212 1010 3,31919979420789
1213 1010,83333333333 3,34671026643674
1214 1011,66666666667 3,37460202491806
1215 1012,5 3,40287942432223
1216 1013,33333333333 3,43154684701216
1217 1014,16666666667 3,46060870262112
1218 1015 3,49006942760996
1219 1015,83333333333 3,51993348480319
1220 1016,66666666667 3,5502053629034
1221 1017,5 3,58088957598384
1222 1018,33333333333 3,61199066295853
1223 1019,16666666667 3,64351318702958
1224 1020 3,67546173511132
1225 1020,83333333333 3,70784091723074
1226 1021,66666666667 3,74065536590401
1227 1022,5 3,7739097354884
1228 1023,33333333333 3,80760870150945
1229 1024,16666666667 3,84175695996282
1230 1025 3,87635922659054
1231 1025,83333333333 3,91142023613113
1232 1026,66666666667 3,9469447415433
1233 1027,5 3,98293751320282
1234 1028,33333333333 4,01940333807218
1235 1029,16666666667 4,05634701884253
1236 1030 4,09377337304789
1237 1030,83333333333 4,13168723215074
1238 1031,66666666667 4,17009344059913
1239 1032,5 4,20899685485466
1240 1033,33333333333 4,2484023423911
1241 1034,16666666667 4,28831478066327
1242 1035 4,32873905604598
1243 1035,83333333333 4,36968006274257
1244 1036,66666666667 4,41114270166271
1245 1037,5 4,45313187926954
1246 1038,33333333333 4,49565250639541
1247 1039,16666666667 4,5387094970262
1248 1040 4,58230776705399
1249 1040,83333333333 4,62645223299784
1250 1041,66666666667 4,67114781069233
1251 1042,5 4,7163994139438
1252 1043,33333333333 4,76221195315422
1253 1044,16666666667 4,80859033391208
1254 1045 4,85553945555085
1255 1045,83333333333 4,90306420967415
1256 1046,66666666667 4,95116947864813
1257 1047,5 4,99986013406063
1258 1048,33333333333 5,0491410351472
1259 1049,16666666667 5,09901702718384
1260 1050 5,1494929398467
1261 1050,83333333333 5,20057358553847
1262 1051,66666666667 5,2522637576815
1263 1052,5 5,3045682289782
1264 1053,33333333333 5,35749174963808
1265 1054,16666666667 5,41103904557213
1266 1055 5,46521481655452
1267 1055,83333333333 5,52002373435173
1268 1056,66666666667 5,57547044081937
1269 1057,5 5,63155954596708
1270 1058,33333333333 5,6882956259916
1271 1059,16666666667 5,74568322127834
1272 1060 5,80372683437211
1273 1060,83333333333 5,8624309279169
1274 1061,66666666667 5,92179992256558
1275 1062,5 5,98183819485975
1276 1063,33333333333 6,04255007508036
1277 1064,16666666667 6,10393984506949
1278 1065 6,16601173602404
1279 1065,83333333333 6,22876992626201
1280 1066,66666666667 6,29221853896157
1281 1067,5 6,35636163987437
1282 1068,33333333333 6,42120323501323
1283 1069,16666666667 6,48674726831519
1284 1070 6,55299761928095
1285 1070,83333333333 6,61995810059128
1286 1071,66666666667 6,68763245570148
1287 1072,5 6,75602435641497
1288 1073,33333333333 6,82513740043686
1289 1074,16666666667 6,89497510890845
1290 1075 6,96554092392423
1291 1075,83333333333 7,03683820603214
1292 1076,66666666667 7,10887023171828
1293 1077,5 7,1816401908777
1294 1078,33333333333 7,25515118427216
1295 1079,16666666667 7,32940622097644
1296 1080 7,40440821581459
1297 1080,83333333333 7,48015998678743
1298 1081,66666666667 7,55666425249293
1299 1082,5 7,63392362954102
1300 1083,33333333333 7,71194062996426
1301 1084,16666666667 7,79071765862612
1302 1085 7,87025701062869
1303 1085,83333333333 7,95056086872118
1304 1086,66666666667 8,03163130071123
1305 1087,5 8,11347025688106
1306 1088,33333333333 8,19607956740966
1307 1089,16666666667 8,27946093980358
1308 1090 8,36361595633802
1309 1090,83333333333 8,44854607151011
1310 1091,66666666667 8,53425260950639
1311 1092,5 8,62073676168683
1312 1093,33333333333 8,70799958408722
1313 1094,16666666667 8,79604199494195
1314 1095 8,88486477222996
1315 1095,83333333333 8,9744685512451
1316 1096,66666666667 9,064853822194
1317 1097,5 9,15602092782332
1318 1098,33333333333 9,24797006107854
1319 1099,16666666667 9,34070126279686
1320 1100 9,43421441943645
1321 1100,83333333333 9,52850926084438
1322 1101,66666666667 9,62358535806535
1323 1102,5 9,71944212119428
1324 1103,33333333333 9,81607879727437
1325 1104,16666666667 9,91349446824339
1326 1105 10,0116880489308
1327 1105,83333333333 10,1106582851078
1328 1106,66666666667 10,2104037515927
1329 1107,5 10,3109228504143
1330 1108,33333333333 10,412213809036
1331 1109,16666666667 10,5142746786413
1332 1110 10,6171033324858
1333 1110,83333333333 10,7206974643162
1334 1111,66666666667 10,8250545868583
1335 1112,5 10,9301720303787
1336 1113,33333333333 11,0360469413195
1337 1114,16666666667 11,1426762810108
1338 1115 11,2500568244613
1339 1115,83333333333 11,3581851592315
1340 1116,66666666667 11,4670576843887
1341 1117,5 11,5766706095489
1342 1118,33333333333 11,6870199540057
1343 1119,16666666667 11,798101545949
1344 1120 11,9099110217758
1345 1120,83333333333 12,0224438254944
1346 1121,66666666667 12,1356952082239
1347 1122,5 12,2496602277916
1348 1123,33333333333 12,3643337484292
1349 1124,16666666667 12,4797104405699
1350 1125 12,595784780748
1351 1125,83333333333 12,7125510516022
1352 1126,66666666667 12,8300033419845
1353 1127,5 12,9481355471759
1354 1128,33333333333 13,0669413692101
1355 1129,16666666667 13,1864143173061
1356 1130 13,3065477084119
1357 1130,83333333333 13,4273346678586
1358 1131,66666666667 13,5487681301273
1359 1132,5 13,6708408397289
1360 1133,33333333333 13,7935453521976
1361 1134,16666666667 13,9168740351986
1362 1135 14,0408190697505
1363 1135,83333333333 14,165372451563
1364 1136,66666666667 14,2905259924901
1365 1137,5 14,4162713220978
1366 1138,33333333333 14,5425998893494
1367 1139,16666666667 14,6695029644033
1368 1140 14,7969716405285
1369 1140,83333333333 14,9249968361339
1370 1141,66666666667 15,0535692969112
1371 1142,5 15,1826795980932
1372 1143,33333333333 15,3123181468232
1373 1144,16666666667 15,4424751846384
1374 1145 15,5731407900629
1375 1145,83333333333 15,7043048813117
1376 1146,66666666667 15,8359572191031
1377 1147,5 15,968087409579
1378 1148,33333333333 16,1006849073308
1379 1149,16666666667 16,2337390185293
1380 1150 16,3672389041586
1381 1150,83333333333 16,5011735833494
1382 1151,66666666667 16,6355319368117
1383 1152,5 16,7703027103647
1384 1153,33333333333 16,90547451856
1385 1154,16666666667 17,0410358483984
1386 1155 17,1769750631357
1387 1155,83333333333 17,3132804061757
1388 1156,66666666667 17,4499400050479
1389 1157,5 17,5869418754676
1390 1158,33333333333 17,7242739254737
1391 1159,16666666667 17,8619239596436
1392 1160 17,9998796833809
1393 1160,83333333333 18,1381287072721
1394 1161,66666666667 18,2766585515107
1395 1162,5 18,4154566503847
1396 1163,33333333333 18,5545103568229
1397 1164,16666666667 18,6938069469988
1398 1165 18,8333336249863
1399 1165,83333333333 18,9730775274662
1400 1166,66666666667 19,1130257284759
1401 1167,5 19,2531652442037
1402 1168,33333333333 19,3934830378192
1403 1169,16666666667 19,5339660243388
1404 1170 19,6746010755217
1405 1170,83333333333 19,8153750247923
1406 1171,66666666667 19,956274672185
1407 1172,5 20,0972867893082
1408 1173,33333333333 20,2383981243229
1409 1174,16666666667 20,3795954069313
1410 1175 20,5208653533733
1411 1175,83333333333 20,6621946714253
1412 1176,66666666667 20,8035700653972
1413 1177,5 20,9449782411252
1414 1178,33333333333 21,0864059109548
1415 1179,16666666667 21,2278397987108
1416 1180 21,3692666446505
1417 1180,83333333333 21,510673210396
1418 1181,66666666667 21,6520462838407
1419 1182,5 21,7933726840291
1420 1183,33333333333 21,9346392660026
1421 1184,16666666667 22,0758329256098
1422 1185 22,2169406042772
1423 1185,83333333333 22,3579492937361
1424 1186,66666666667 22,4988460407031
1425 1187,5 22,6396179515098
1426 1188,33333333333 22,7802521966788
1427 1189,16666666667 22,9207360154425
1428 1190 23,0610567202018
1429 1190,83333333333 23,2012017009208
1430 1191,66666666667 23,3411584294557
1431 1192,5 23,4809144638128
1432 1193,33333333333 23,6204574523352
1433 1194,16666666667 23,7597751378138
1434 1195 23,8988553615202
1435 1195,83333333333 24,037686067159
1436 1196,66666666667 24,1762553047373
1437 1197,5 24,3145512343489
1438 1198,33333333333 24,4525621298705
1439 1199,16666666667 24,5902763825677
1440 1200 24,7276825046107
1441 1200,83333333333 24,8647691324942
1442 1201,66666666667 25,0015250303631
1443 1202,5 25,1379390932407
1444 1203,33333333333 25,2740003501574
1445 1204,16666666667 25,4096979671802
1446 1205 25,5450212503397
1447 1205,83333333333 25,6799596484545
1448 1206,66666666667 25,814502755852
1449 1207,5 25,9486403149842
1450 1208,33333333333 26,0823622189377
1451 1209,16666666667 26,215658513837
1452 1210 26,3485194011413
1453 1210,83333333333 26,4809352398333
1454 1211,66666666667 26,6128965485003
1455 1212,5 26,7443940073069
1456 1213,33333333333 26,8754184598598
1457 1214,16666666667 27,0059609149631
1458 1215 27,1360125482669
1459 1215,83333333333 27,2655647038064
1460 1216,66666666667 27,3946088954335
1461 1217,5 27,5231368081415
1462 1218,33333333333 27,651140299282
1463 1219,16666666667 27,7786113996756
1464 1220 27,9055423146175
1465 1220,83333333333 28,0319254247771
1466 1221,66666666667 28,1577532869946
1467 1222,5 28,2830186349734
1468 1223,33333333333 28,4077143798718
1469 1224,16666666667 28,5318336107919
1470 1225 28,6553695951704
1471 1225,83333333333 28,7783157790704
1472 1226,66666666667 28,9006657873757
1473 1227,5 29,0224134238895
1474 1228,33333333333 29,1435526713396
1475 1229,16666666667 29,2640776912901
1476 1230 29,383982823962
1477 1230,83333333333 29,5032625879659
1478 1231,66666666667 29,6219116799444
1479 1232,5 29,7399249741318
1480 1233,33333333333 29,8572975218269
1481 1234,16666666667 29,9740245507851
1482 1235 30,0901014645305
1483 1235,83333333333 30,2055238415884
1484 1236,66666666667 30,3202874346426
1485 1237,5 30,4343881696174
1486 1238,33333333333 30,5478221446883
1487 1239,16666666667 30,6605856292214
1488 1240 30,7726750626453
1489 1240,83333333333 30,8840870532567
1490 1241,66666666667 30,9948183769618
1491 1242,5 31,1048659759564
1492 1243,33333333333 31,2142269573458
1493 1244,16666666667 31,3228985917068
1494 1245 31,4308783115958
1495 1245,83333333333 31,5381637100017
1496 1246,66666666667 31,6447525387486
1497 1247,5 31,75064270685
1498 1248,33333333333 31,8558322788151
1499 1249,16666666667 31,9603194729112
1500 1250 32,064102659383
1501 1250,83333333333 32,1671803586318
1502 1251,66666666667 32,269551239356
1503 1252,5 32,3712141166552
1504 1253,33333333333 32,4721679501007
1505 1254,16666666667 32,5724118417728
1506 1255 32,6719450342686
1507 1255,83333333333 32,7707669086813
1508 1256,66666666667 32,8688769825532
1509 1257,5 32,9662749078045
1510 1258,33333333333 33,0629604686396
1511 1259,16666666667 33,1589335794329
1512 1260 33,2541942825956
1513 1260,83333333333 33,3487427464265
1514 1261,66666666667 33,4425792629464
1515 1262,5 33,5357042457201
1516 1263,33333333333 33,6281182276668
1517 1264,16666666667 33,7198218588596
1518 1265 33,8108159043181
1519 1265,83333333333 33,9011012417927
1520 1266,66666666667 33,9906788595452
1521 1267,5 34,0795498541248
1522 1268,33333333333 34,1677154281421
1523 1269,16666666667 34,2551768880431
1524 1270 34,341935641883
1525 1270,83333333333 34,4279931971025
1526 1271,66666666667 34,5133511583076
1527 1272,5 34,5980112250542
1528 1273,33333333333 34,6819751896382
1529 1274,16666666667 34,7652449348928
1530 1275 34,8478224319949
1531 1275,83333333333 34,92970973828
1532 1276,66666666667 35,010908995068
1533 1277,5 35,0914224255008
1534 1278,33333333333 35,171252332392
1535 1279,16666666667 35,2504010960909
1536 1280 35,3288711723601
1537 1280,83333333333 35,4066650902691
1538 1281,66666666667 35,4837854501039
1539 1282,5 35,5602349212935
1540 1283,33333333333 35,636016240355
1541 1284,16666666667 35,7111322088556
1542 1285 35,7855856913958
1543 1285,83333333333 35,8593796136111
1544 1286,66666666667 35,9325169601951
1545 1287,5 36,0050007729428
1546 1288,33333333333 36,0768341488169
1547 1289,16666666667 36,148020238035
1548 1290 36,2185622421806
1549 1290,83333333333 36,2884634123365
1550 1291,66666666667 36,3577270472422
1551 1292,5 36,4263564914754
1552 1293,33333333333 36,4943551336574
1553 1294,16666666667 36,561726404684
1554 1295 36,6284737759804
1555 1295,83333333333 36,6946007577825
1556 1296,66666666667 36,7601108974428
1557 1297,5 36,8250077777629
1558 1298,33333333333 36,8892950153511
1559 1299,16666666667 36,9529762590073
1560 1300 37,016055188133
1561 1300,83333333333 37,078535511169
1562 1301,66666666667 37,1404209640582
1563 1302,5 37,2017153087364
1564 1303,33333333333 37,262422331649
1565 1304,16666666667 37,3225458422945
1566 1305 37,382089671795
1567 1305,83333333333 37,4410576714936
1568 1306,66666666667 37,4994537115778
1569 1307,5 37,55728167973
1570 1308,33333333333 37,6145454798053
1571 1309,16666666667 37,6712490305346
1572 1310 37,7273962642551
1573 1310,83333333333 37,7829911256668
1574 1311,66666666667 37,8380375706156
1575 1312,5 37,8925395649018
1576 1313,33333333333 37,9465010831154
1577 1314,16666666667 37,999926107497
1578 1315 38,0528186268238
1579 1315,83333333333 38,1051826353217
1580 1316,66666666667 38,1570221316027
1581 1317,5 38,2083411176267
1582 1318,33333333333 38,2591435976889
1583 1319,16666666667 38,3094335774315
1584 1320 38,3592150628799
1585 1320,83333333333 38,4084920595028
1586 1321,66666666667 38,4572685712966
1587 1322,5 38,5055485998932
1588 1323,33333333333 38,5533361436916
1589 1324,16666666667 38,6006351970117
1590 1325 38,6474497492724
1591 1325,83333333333 38,6937837841908
1592 1326,66666666667 38,7396412790047
1593 1327,5 38,7850262037167
1594 1328,33333333333 38,8299425203603
1595 1329,16666666667 38,8743941822867
1596 1330 38,9183851334739
1597 1330,83333333333 38,9619193078554
1598 1331,66666666667 39,0050006286705
1599 1332,5 39,0476330078337
1600 1333,33333333333 39,0898203453249
1601 1334,16666666667 39,1315665285989
1602 1335 39,1728754320137
1603 1335,83333333333 39,2137509162789
1604 1336,66666666667 39,2541968279211
1605 1337,5 39,2942169987692
1606 1338,33333333333 39,3338152454569
1607 1339,16666666667 39,3729953689428
1608 1340 39,4117611540483
1609 1340,83333333333 39,4501163690123
1610 1341,66666666667 39,4880647650628
1611 1342,5 39,5256100760045
1612 1343,33333333333 39,5627560178234
1613 1344,16666666667 39,5995062883065
1614 1345 39,6358645666767
1615 1345,83333333333 39,6718345132441
1616 1346,66666666667 39,7074197690711
1617 1347,5 39,7426239556521
1618 1348,33333333333 39,7774506746088
1619 1349,16666666667 39,8119035073972
1620 1350 39,8459860150309
1621 1350,83333333333 39,8797017378154
1622 1351,66666666667 39,9130541950972
1623 1352,5 39,9460468850249
1624 1353,33333333333 39,9786832843231
1625 1354,16666666667 40,0109668480781
1626 1355 40,0429010095364
1627 1355,83333333333 40,0744891799139
1628 1356,66666666667 40,1057347482174
1629 1357,5 40,1366410810763
1630 1358,33333333333 40,1672115225863
1631 1359,16666666667 40,1974493941626
1632 1360 40,2273579944041
1633 1360,83333333333 40,2569405989672
1634 1361,66666666667 40,2862004604505
1635 1362,5 40,3151408082873
1636 1363,33333333333 40,3437648486491
1637 1364,16666666667 40,3720757643574
1638 1365 40,4000767148042
1639 1365,83333333333 40,4277708358818
1640 1366,66666666667 40,4551612399201
1641 1367,5 40,4822510156328
1642 1368,33333333333 40,509043228071
1643 1369,16666666667 40,5355409185851
1644 1370 40,5617471047933
1645 1370,83333333333 40,5876647805583
1646 1371,66666666667 40,6132969159704
1647 1372,5 40,6386464573378
1648 1373,33333333333 40,6637163271832
1649 1374,16666666667 40,6885094242475
1650 1375 40,7130286234991
1651 1375,83333333333 40,7372767761495
1652 1376,66666666667 40,7612567096747
1653 1377,5 40,7849712278427
1654 1378,33333333333 40,8084231107457
1655 1379,16666666667 40,8316151148386
1656 1380 40,8545499729818
1657 1380,83333333333 40,8772303944894
1658 1381,66666666667 40,8996590651822
1659 1382,5 40,9218386474456
1660 1383,33333333333 40,9437717802912
1661 1384,16666666667 40,9654610794236
1662 1385 40,9869091373107
1663 1385,83333333333 41,0081185232589
1664 1386,66666666667 41,0290917834911
1665 1387,5 41,0498314412292
1666 1388,33333333333 41,0703399967801
1667 1389,16666666667 41,0906199276246
1668 1390 41,1106736885108
1669 1390,83333333333 41,1305037115492
1670 1391,66666666667 41,1501124063121
1671 1392,5 41,1695021599352
1672 1393,33333333333 41,1886753372227
1673 1394,16666666667 41,2076342807541
1674 1395 41,2263813109946
1675 1395,83333333333 41,2449187264074
1676 1396,66666666667 41,2632488035687
1677 1397,5 41,2813737972841
1678 1398,33333333333 41,2992959407087
1679 1399,16666666667 41,3170174454675
1680 1400 41,3345405017791
1681 1400,83333333333 41,3518672785806
1682 1401,66666666667 41,3689999236542
1683 1402,5 41,3859405637554
1684 1403,33333333333 41,4026913047437
1685 1404,16666666667 41,4192542317132
1686 1405 41,4356314091262
1687 1405,83333333333 41,4518248809464
1688 1406,66666666667 41,4678366707753
1689 1407,5 41,483668781988
1690 1408,33333333333 41,4993231978708
1691 1409,16666666667 41,5148018817601
1692 1410 41,5301067771816
1693 1410,83333333333 41,5452398079909
1694 1411,66666666667 41,5602028785141
1695 1412,5 41,5749978736903
1696 1413,33333333333 41,5896266592135
1697 1414,16666666667 41,604091081676
1698 1415 41,6183929687118
1699 1415,83333333333 41,632534129141
1700 1416,66666666667 41,6465163531137
1701 1417,5 41,6603414122552
1702 1418,33333333333 41,6740110598111
1703 1419,16666666667 41,6875270307927
1704 1420 41,7008910421225
1705 1420,83333333333 41,7141047927797
1706 1421,66666666667 41,7271699639465
1707 1422,5 41,7400882191535
1708 1423,33333333333 41,7528612044261
1709 1424,16666666667 41,7654905484299
1710 1425 41,7779778626165
1711 1425,83333333333 41,7903247413698
1712 1426,66666666667 41,8025327621506
1713 1427,5 41,8146034856428
1714 1428,33333333333 41,8265384558978
1715 1429,16666666667 41,83833920048
1716 1430 41,850007230611
1717 1430,83333333333 41,8615440413137
1718 1431,66666666667 41,8729511115565
1719 1432,5 41,8842299043969
1720 1433,33333333333 41,8953818671242
1721 1434,16666666667 41,9064084314023
1722 1435 41,917311013412
1723 1435,83333333333 41,9280910139927
1724 1436,66666666667 41,9387498187833
1725 1437,5 41,9492887983632
1726 1438,33333333333 41,9597093083919
1727 1439,16666666667 41,9700126897491
1728 1440 41,9802002686728
1729 1440,83333333333 41,9902733568984
1730 1441,66666666667 42,0002332517956
1731 1442,5 42,0100812365056
1732 1443,33333333333 42,0198185800775
1733 1444,16666666667 42,0294465376035
1734 1445 42,0389663503541
1735 1445,83333333333 42,048379245912
1736 1446,66666666667 42,0576864383056
1737 1447,5 42,0668891281415
1738 1448,33333333333 42,0759885027364
1739 1449,16666666667 42,0849857362482
1740 1450 42,0938819898062
1741 1450,83333333333 42,1026784116406
1742 1451,66666666667 42,1113761372112
1743 1452,5 42,1199762893353
1744 1453,33333333333 42,1284799783144
1745 1454,16666666667 42,1368883020607
1746 1455 42,1452023462221
1747 1455,83333333333 42,1534231843072
1748 1456,66666666667 42,1615518778081
1749 1457,5 42,1695894763237
1750 1458,33333333333 42,1775370176814
1751 1459,16666666667 42,1853955280583
1752 1460 42,1931660221005
1753 1460,83333333333 42,2008495030432
1754 1461,66666666667 42,2084469628287
1755 1462,5 42,2159593822234
1756 1463,33333333333 42,2233877309348
1757 1464,16666666667 42,230732967727
1758 1465 42,2379960405351
1759 1465,83333333333 42,2451778865793
1760 1466,66666666667 42,2522794324776
1761 1467,5 42,2593015943578
1762 1468,33333333333 42,2662452779686
1763 1469,16666666667 42,2731113787894
1764 1470 42,2799007821403
1765 1470,83333333333 42,2866143632893
1766 1471,66666666667 42,2932529875606
1767 1472,5 42,2998175104407
1768 1473,33333333333 42,306308777684
1769 1474,16666666667 42,3127276254172
1770 1475 42,3190748802436
1771 1475,83333333333 42,3253513593454
1772 1476,66666666667 42,3315578705858
1773 1477,5 42,3376952126102
1774 1478,33333333333 42,3437641749458
1775 1479,16666666667 42,3497655381014
1776 1480 42,3557000736654
1777 1480,83333333333 42,3615685444029
1778 1481,66666666667 42,3673717043531
1779 1482,5 42,3731102989237
1780 1483,33333333333 42,378785064987
1781 1484,16666666667 42,3843967309723
1782 1485 42,3899460169603
1783 1485,83333333333 42,3954336347739
1784 1486,66666666667 42,4008602880704
1785 1487,5 42,4062266724312
1786 1488,33333333333 42,4115334754517
1787 1489,16666666667 42,4167813768297
1788 1490 42,421971048453
1789 1490,83333333333 42,4271031544868
1790 1491,66666666667 42,4321783514593
1791 1492,5 42,4371972883471
1792 1493,33333333333 42,4421606066595
1793 1494,16666666667 42,4470689405222
1794 1495 42,4519229167598
1795 1495,83333333333 42,4567231549778
1796 1496,66666666667 42,4614702676436
1797 1497,5 42,4661648601669
1798 1498,33333333333 42,4708075309789
1799 1499,16666666667 42,4753988716113
1800 1500 42,4799394667736
