1 1,11111111111111 7,08045514075013
2 2,22222222222222 7,08526345711036
3 3,33333333333333 7,09007796049493
4 4,44444444444444 7,09489866234515
5 5,55555555555556 7,09972557412953
6 6,66666666666667 7,10455870734385
7 7,77777777777778 7,10939807351121
8 8,88888888888889 7,11424368418215
9 10 7,11909555093468
10 11,1111111111111 7,12395368537442
11 12,2222222222222 7,1288180991346
12 13,3333333333333 7,13368880387623
13 14,4444444444444 7,13856581128811
14 15,5555555555556 7,14344913308694
15 16,6666666666667 7,14833878101739
16 17,7777777777778 7,15323476685219
17 18,8888888888889 7,15813710239221
18 20 7,16304579946654
19 21,1111111111111 7,16796086993254
20 22,2222222222222 7,17288232567599
21 23,3333333333333 7,17781017861111
22 24,4444444444444 7,18274444068068
23 25,5555555555556 7,18768512385608
24 26,6666666666667 7,19263224013743
25 27,7777777777778 7,19758580155363
26 28,8888888888889 7,20254582016245
27 30 7,20751230805063
28 31,1111111111111 7,21248527733396
29 32,2222222222222 7,21746474015734
30 33,3333333333333 7,22245070869489
31 34,4444444444444 7,22744319515004
32 35,5555555555556 7,23244221175558
33 36,6666666666667 7,23744777077379
34 37,7777777777778 7,24245988449649
35 38,8888888888889 7,24747856524514
36 40 7,25250382537094
37 41,1111111111111 7,25753567725487
38 42,2222222222222 7,26257413330784
39 43,3333333333333 7,26761920597074
40 44,4444444444444 7,27267090771452
41 45,5555555555556 7,27772925104029
42 46,6666666666667 7,28279424847944
43 47,7777777777778 7,28786591259365
44 48,8888888888889 7,29294425597507
45 50 7,29802929124633
46 51,1111111111111 7,30312103106068
47 52,2222222222222 7,30821948810207
48 53,3333333333333 7,31332467508521
49 54,4444444444444 7,3184366047557
50 55,5555555555556 7,3235552898901
51 56,6666666666667 7,32868074329603
52 57,7777777777778 7,33381297781223
53 58,8888888888889 7,33895200630871
54 60 7,34409784168677
55 61,1111111111111 7,34925049687917
56 62,2222222222222 7,35440998485015
57 63,3333333333333 7,35957631859557
58 64,4444444444444 7,36474951114298
59 65,5555555555556 7,36992957555172
60 66,6666666666667 7,37511652491303
61 67,7777777777778 7,38031037235009
62 68,8888888888889 7,38551113101819
63 70 7,39071881410477
64 71,1111111111111 7,39593343482952
65 72,2222222222222 7,4011550064445
66 73,3333333333333 7,40638354223423
67 74,4444444444444 7,41161905551575
68 75,5555555555556 7,41686155963876
69 76,6666666666667 7,4221110679857
70 77,7777777777778 7,42736759397183
71 78,8888888888889 7,43263115104536
72 80 7,43790175268753
73 81,1111111111111 7,44317941241269
74 82,2222222222222 7,44846414376844
75 83,3333333333333 7,45375596033569
76 84,4444444444444 7,45905487572876
77 85,5555555555556 7,46436090359552
78 86,6666666666667 7,46967405761744
79 87,7777777777778 7,47499435150972
80 88,8888888888889 7,48032179902138
81 90 7,48565641393537
82 91,1111111111111 7,49099821006864
83 92,2222222222222 7,49634720127227
84 93,3333333333333 7,50170340143158
85 94,4444444444444 7,50706682446621
86 95,5555555555556 7,51243748433022
87 96,6666666666667 7,5178153950122
88 97,7777777777778 7,52320057053539
89 98,8888888888889 7,52859302495775
90 100 7,53399277237208
91 101,111111111111 7,53939982690614
92 102,222222222222 7,54481420272273
93 103,333333333333 7,55023591401979
94 104,444444444444 7,55566497503055
95 105,555555555556 7,56110140002356
96 106,666666666667 7,56654520330289
97 107,777777777778 7,57199639920813
98 108,888888888889 7,5774550021146
99 110 7,58292102643337
100 111,111111111111 7,58839448661144
101 112,222222222222 7,59387539713179
102 113,333333333333 7,59936377251352
103 114,444444444444 7,60485962731193
104 115,555555555556 7,61036297611868
105 116,666666666667 7,61587383356185
106 117,777777777778 7,62139221430606
107 118,888888888889 7,62691813305259
108 120 7,6324516045395
109 121,111111111111 7,63799264354171
110 122,222222222222 7,64354126487112
111 123,333333333333 7,64909748337676
112 124,444444444444 7,65466131394485
113 125,555555555556 7,66023277149892
114 126,666666666667 7,66581187099996
115 127,777777777778 7,6713986274465
116 128,888888888889 7,67699305587472
117 130 7,68259517135859
118 131,111111111111 7,68820498900996
119 132,222222222222 7,69382252397868
120 133,333333333333 7,69944779145273
121 134,444444444444 7,70508080665831
122 135,555555555556 7,71072158485998
123 136,666666666667 7,71637014136075
124 137,777777777778 7,72202649150224
125 138,888888888889 7,72769065066474
126 140 7,73336263426736
127 141,111111111111 7,73904245776815
128 142,222222222222 7,74473013666421
129 143,333333333333 7,75042568649181
130 144,444444444444 7,75612912282651
131 145,555555555556 7,76184046128326
132 146,666666666667 7,76755971751657
133 147,777777777778 7,77328690722058
134 148,888888888889 7,77902204612918
135 150 7,78476515001618
136 151,111111111111 7,79051623469538
137 152,222222222222 7,79627531602073
138 153,333333333333 7,80204240988642
139 154,444444444444 7,80781753222703
140 155,555555555556 7,81360069901761
141 156,666666666667 7,81939192627388
142 157,777777777778 7,82519123005228
143 158,888888888889 7,83099862645012
144 160 7,83681413160571
145 161,111111111111 7,8426377616985
146 162,222222222222 7,84846953294917
147 163,333333333333 7,85430946161977
148 164,444444444444 7,86015756401388
149 165,555555555556 7,86601385647667
150 166,666666666667 7,87187835539509
151 167,777777777778 7,87775107719798
152 168,888888888889 7,88363203835616
153 170 7,88952125538263
154 171,111111111111 7,89541874483262
155 172,222222222222 7,90132452330379
156 173,333333333333 7,90723860743633
157 174,444444444444 7,91316101391307
158 175,555555555556 7,91909175945965
159 176,666666666667 7,92503086084463
160 177,777777777778 7,93097833487962
161 178,888888888889 7,93693419841941
162 180 7,94289846836214
163 181,111111111111 7,94887116164938
164 182,222222222222 7,9548522952663
165 183,333333333333 7,96084188624178
166 184,444444444444 7,96683995164858
167 185,555555555556 7,97284650860343
168 186,666666666667 7,9788615742672
169 187,777777777778 7,98488516584503
170 188,888888888889 7,99091730058646
171 190 7,99695799578557
172 191,111111111111 8,0030072687811
173 192,222222222222 8,00906513695664
174 193,333333333333 8,01513161774071
175 194,444444444444 8,02120672860692
176 195,555555555556 8,02729048707413
177 196,666666666667 8,03338291070657
178 197,777777777778 8,03948401711399
179 198,888888888889 8,04559382395177
180 200 8,05171234892112
181 201,111111111111 8,05783960976917
182 202,222222222222 8,06397562428913
183 203,333333333333 8,07012041032046
184 204,444444444444 8,07627398574897
185 205,555555555556 8,08243636850699
186 206,666666666667 8,08860757657351
187 207,777777777778 8,09478762797431
188 208,888888888889 8,10097654078214
189 210 8,10717433311685
190 211,111111111111 8,11338102314551
191 212,222222222222 8,11959662908259
192 213,333333333333 8,12582116919012
193 214,444444444444 8,13205466177778
194 215,555555555556 8,13829712520313
195 216,666666666667 8,14454857787167
196 217,777777777778 8,15080903823707
197 218,888888888889 8,15707852480127
198 220 8,16335705611466
199 221,111111111111 8,16964465077621
200 222,222222222222 8,17594132743364
201 223,333333333333 8,18224710478355
202 224,444444444444 8,1885620015716
203 225,555555555556 8,19488603659266
204 226,666666666667 8,20121922869093
205 227,777777777778 8,20756159676015
206 228,888888888889 8,2139131597437
207 230 8,22027393663482
208 231,111111111111 8,22664394647668
209 232,222222222222 8,23302320836264
210 233,333333333333 8,23941174143631
211 234,444444444444 8,24580956489177
212 235,555555555556 8,25221669797373
213 236,666666666667 8,25863315997765
214 237,777777777778 8,26505897024992
215 238,888888888889 8,27149414818804
216 240 8,27793871324075
217 241,111111111111 8,28439268490821
218 242,222222222222 8,29085608274215
219 243,333333333333 8,29732892634606
220 244,444444444444 8,30381123537532
221 245,555555555556 8,31030302953738
222 246,666666666667 8,31680432859192
223 247,777777777778 8,32331515235103
224 248,888888888889 8,32983552067936
225 250 8,33636545349428
226 251,111111111111 8,34290497076609
227 252,222222222222 8,34945409251812
228 253,333333333333 8,35601283882696
229 254,444444444444 8,36258122982259
230 255,555555555556 8,36915928568857
231 256,666666666667 8,3757470266622
232 257,777777777778 8,38234447303469
233 258,888888888889 8,38895164515136
234 260 8,39556856341176
235 261,111111111111 8,40219524826988
236 262,222222222222 8,40883172023433
237 263,333333333333 8,41547799986847
238 264,444444444444 8,42213410779063
239 265,555555555556 8,42880006467427
240 266,666666666667 8,43547589124815
241 267,777777777778 8,44216160829651
242 268,888888888889 8,44885723665924
243 270 8,45556279723209
244 271,111111111111 8,46227831096678
245 272,222222222222 8,46900379887128
246 273,333333333333 8,47573928200989
247 274,444444444444 8,48248478150347
248 275,555555555556 8,48924031852963
249 276,666666666667 8,49600591432289
250 277,777777777778 8,50278159017486
251 278,888888888889 8,50956736743443
252 280 8,51636326750798
253 281,111111111111 8,52316931185951
254 282,222222222222 8,52998552201087
255 283,333333333333 8,53681191954193
256 284,444444444444 8,54364852609076
257 285,555555555556 8,55049536335383
258 286,666666666667 8,5573524530862
259 287,777777777778 8,56421981710168
260 288,888888888889 8,57109747727305
261 290 8,57798545553226
262 291,111111111111 8,58488377387056
263 292,222222222222 8,59179245433875
264 293,333333333333 8,59871151904738
265 294,444444444444 8,60564099016688
266 295,555555555556 8,61258088992779
267 296,666666666667 8,61953124062097
268 297,777777777778 8,62649206459779
269 298,888888888889 8,63346338427028
270 300 8,64044522211137
271 301,111111111111 8,64743760065511
272 302,222222222222 8,6544405424968
273 303,333333333333 8,66145407029322
274 304,444444444444 8,66847820676286
275 305,555555555556 8,67551297468608
276 306,666666666667 8,68255839690531
277 307,777777777778 8,68961449632527
278 308,888888888889 8,6966812959132
279 310 8,70375881869897
280 311,111111111111 8,71084708777539
281 312,222222222222 8,71794612629835
282 313,333333333333 8,72505595748705
283 314,444444444444 8,73217660462417
284 315,555555555556 8,73930809105615
285 316,666666666667 8,74645044019332
286 317,777777777778 8,75360367551015
287 318,888888888889 8,76076782054545
288 320 8,76794289890259
289 321,111111111111 8,77512893424966
290 322,222222222222 8,78232595031978
291 323,333333333333 8,7895339709112
292 324,444444444444 8,7967530198876
293 325,555555555556 8,80398312117825
294 326,666666666667 8,81122429877826
295 327,777777777778 8,81847657674876
296 328,888888888889 8,82573997921715
297 330 8,83301453037729
298 331,111111111111 8,84030025448974
299 332,222222222222 8,84759717588197
300 333,333333333333 8,85490531894856
301 334,444444444444 8,86222470815145
302 335,555555555556 8,86955536802015
303 336,666666666667 8,87689732315195
304 337,777777777778 8,88425059821217
305 338,888888888889 8,89161521793434
306 340 8,89899120712046
307 341,111111111111 8,90637859064122
308 342,222222222222 8,91377739343623
309 343,333333333333 8,92118764051421
310 344,444444444444 8,92860935695326
311 345,555555555556 8,93604256790108
312 346,666666666667 8,94348729857518
313 347,777777777778 8,95094357426313
314 348,888888888889 8,95841142032277
315 350 8,96589086218248
316 351,111111111111 8,97338192534136
317 352,222222222222 8,98088463536951
318 353,333333333333 8,98839901790823
319 354,444444444444 8,99592509867029
320 355,555555555556 9,00346290344014
321 356,666666666667 9,01101245807415
322 357,777777777778 9,01857378850085
323 358,888888888889 9,02614692072117
324 360 9,03373188080869
325 361,111111111111 9,04132869490987
326 362,222222222222 9,04893738924428
327 363,333333333333 9,05655799010488
328 364,444444444444 9,0641905238582
329 365,555555555556 9,07183501694466
330 366,666666666667 9,07949149587876
331 367,777777777778 9,08715998724934
332 368,888888888889 9,09484051771985
333 370 9,10253311402856
334 371,111111111111 9,11023780298883
335 372,222222222222 9,11795461148937
336 373,333333333333 9,12568356649446
337 374,444444444444 9,13342469504424
338 375,555555555556 9,14117802425491
339 376,666666666667 9,14894358131907
340 377,777777777778 9,15672139350586
341 378,888888888889 9,16451148816132
342 380 9,17231389270858
343 381,111111111111 9,18012863464814
344 382,222222222222 9,18795574155815
345 383,333333333333 9,19579524109462
346 384,444444444444 9,20364716099173
347 385,555555555556 9,21151152906204
348 386,666666666667 9,21938837319682
349 387,777777777778 9,22727772136625
350 388,888888888889 9,2351796016197
351 390 9,24309404208603
352 391,111111111111 9,25102107097382
353 392,222222222222 9,25896071657164
354 393,333333333333 9,26691300724833
355 394,444444444444 9,27487797145327
356 395,555555555556 9,28285563771664
357 396,666666666667 9,2908460346497
358 397,777777777778 9,29884919094507
359 398,888888888889 9,30686513537696
360 400 9,31489389680151
361 401,111111111111 9,32293550415702
362 402,222222222222 9,33098998646425
363 403,333333333333 9,33905737282665
364 404,444444444444 9,34713769243072
365 405,555555555556 9,35523097454622
366 406,666666666667 9,36333724852648
367 407,777777777778 9,37145654380868
368 408,888888888889 9,37958888991414
369 410 9,38773431644855
370 411,111111111111 9,39589285310236
371 412,222222222222 9,40406452965097
372 413,333333333333 9,41224937595506
373 414,444444444444 9,42044742196085
374 415,555555555556 9,42865869770045
375 416,666666666667 9,43688323329208
376 417,777777777778 9,44512105894039
377 418,888888888889 9,45337220493678
378 420 9,46163670165964
379 421,111111111111 9,4699145795747
380 422,222222222222 9,47820586923526
381 423,333333333333 9,48651060128257
382 424,444444444444 9,49482880644606
383 425,555555555556 9,50316051554366
384 426,666666666667 9,51150575948211
385 427,777777777778 9,51986456925727
386 428,888888888889 9,52823697595439
387 430 9,53662301074844
388 431,111111111111 9,5450227049044
389 432,222222222222 9,55343608977758
390 433,333333333333 9,56186319681393
391 434,444444444444 9,57030405755033
392 435,555555555556 9,5787587036149
393 436,666666666667 9,58722716672735
394 437,777777777778 9,59570947869922
395 438,888888888889 9,60420567143429
396 440 9,61271577692879
397 441,111111111111 9,6212398272718
398 442,222222222222 9,62977785464552
399 443,333333333333 9,63832989132561
400 444,444444444444 9,64689596968148
401 445,555555555556 9,65547612217666
402 446,666666666667 9,66407038136907
403 447,777777777778 9,67267877991138
404 448,888888888889 9,68130135055133
405 450 9,68993812613202
406 451,111111111111 9,69858913959228
407 452,222222222222 9,70725442396697
408 453,333333333333 9,71593401238735
409 454,444444444444 9,72462793808134
410 455,555555555556 9,73333623437392
411 456,666666666667 9,74205893468743
412 457,777777777778 9,75079607254191
413 458,888888888889 9,75954768155542
414 460 9,76831379544443
415 461,111111111111 9,77709444802409
416 462,222222222222 9,78588967320859
417 463,333333333333 9,79469950501156
418 464,444444444444 9,80352397754631
419 465,555555555556 9,81236312502626
420 466,666666666667 9,82121698176523
421 467,777777777778 9,83008558217784
422 468,888888888889 9,83896896077979
423 470 9,84786715218825
424 471,111111111111 9,85678019112224
425 472,222222222222 9,86570811240288
426 473,333333333333 9,87465095095387
427 474,444444444444 9,88360874180175
428 475,555555555556 9,89258152007629
429 476,666666666667 9,90156932101084
430 477,777777777778 9,91057217994272
431 478,888888888889 9,91959013231352
432 480 9,92862321366951
433 481,111111111111 9,93767145966198
434 482,222222222222 9,94673490604761
435 483,333333333333 9,95581358868883
436 484,444444444444 9,96490754355421
437 485,555555555556 9,97401680671877
438 486,666666666667 9,98314141436442
439 487,777777777778 9,99228140278031
440 488,888888888889 10,0014368083631
441 490 10,0106076676176
442 491,111111111111 10,0197940171569
443 492,222222222222 10,0289958937026
444 493,333333333333 10,0382133340857
445 494,444444444444 10,0474463752466
446 495,555555555556 10,0566950542354
447 496,666666666667 10,0659594082127
448 497,777777777778 10,0752394744497
449 498,888888888889 10,0845352903283
450 500 10,0938468933422
451 501,111111111111 10,1031743210967
452 502,222222222222 10,1125176113092
453 503,333333333333 10,1218768018099
454 504,444444444444 10,1312519305418
455 505,555555555556 10,1406430355614
456 506,666666666667 10,1500501550386
457 507,777777777778 10,1594733272579
458 508,888888888889 10,1689125906182
459 510 10,1783679836332
460 511,111111111111 10,1878395449321
461 512,222222222222 10,1973273132598
462 513,333333333333 10,2068313274775
463 514,444444444444 10,2163516265627
464 515,555555555556 10,2258882496102
465 516,666666666667 10,2354412358318
466 517,777777777778 10,2450106245576
467 518,888888888889 10,2545964552354
468 520 10,2641987674319
469 521,111111111111 10,2738176008329
470 522,222222222222 10,2834529952435
471 523,333333333333 10,2931049905887
472 524,444444444444 10,3027736269139
473 525,555555555556 10,3124589443852
474 526,666666666667 10,3221609832897
475 527,777777777778 10,3318797840363
476 528,888888888889 10,3416153871556
477 530 10,351367833301
478 531,111111111111 10,3611371632486
479 532,222222222222 10,3709234178976
480 533,333333333333 10,3807266382712
481 534,444444444444 10,3905468655167
482 535,555555555556 10,4003841409058
483 536,666666666667 10,4102385058356
484 537,777777777778 10,4201100018284
485 538,888888888889 10,4299986705325
486 540 10,4399045537226
487 541,111111111111 10,4498276933001
488 542,222222222222 10,4597681312939
489 543,333333333333 10,4697259098604
490 544,444444444444 10,4797010712842
491 545,555555555556 10,4896936579785
492 546,666666666667 10,4997037124858
493 547,777777777778 10,5097312774778
494 548,888888888889 10,5197763957564
495 550 10,5298391102538
496 551,111111111111 10,5399194640333
497 552,222222222222 10,5500175002893
498 553,333333333333 10,5601332623483
499 554,444444444444 10,570266793669
500 555,555555555556 10,5804181378429
501 556,666666666667 10,5905873385946
502 557,777777777778 10,6007744397826
503 558,888888888889 10,6109794853996
504 560 10,6212025195728
505 561,111111111111 10,6314435865646
506 562,222222222222 10,6417027307732
507 563,333333333333 10,6519799967326
508 564,444444444444 10,6622754291138
509 565,555555555556 10,6725890727245
510 566,666666666667 10,68292097251
511 567,777777777778 10,693271173554
512 568,888888888889 10,7036397210784
513 570 10,7140266604442
514 571,111111111111 10,7244320371521
515 572,222222222222 10,7348558968426
516 573,333333333333 10,7452982852969
517 574,444444444444 10,7557592484372
518 575,555555555556 10,7662388323272
519 576,666666666667 10,7767370831726
520 577,777777777778 10,7872540473218
521 578,888888888889 10,797789771266
522 580 10,8083443016402
523 581,111111111111 10,8189176852235
524 582,222222222222 10,8295099689393
525 583,333333333333 10,8401211998565
526 584,444444444444 10,8507514251892
527 585,555555555556 10,8614006922981
528 586,666666666667 10,8720690486901
529 587,777777777778 10,8827565420198
530 588,888888888889 10,893463220089
531 590 10,9041891308483
532 591,111111111111 10,9149343223966
533 592,222222222222 10,9256988429823
534 593,333333333333 10,9364827410038
535 594,444444444444 10,9472860650096
536 595,555555555556 10,9581088636994
537 596,666666666667 10,9689511859242
538 597,777777777778 10,979813080687
539 598,888888888889 10,9906945971435
540 600 11,0015957846023
541 601,111111111111 11,0125166925259
542 602,222222222222 11,0234573705307
543 603,333333333333 11,0344178683882
544 604,444444444444 11,0453982360249
545 605,555555555556 11,0563985235234
546 606,666666666667 11,0674187811227
547 607,777777777778 11,0784590592186
548 608,888888888889 11,0895194083646
549 610 11,1005998792724
550 611,111111111111 11,1117005228124
551 612,222222222222 11,122821390014
552 613,333333333333 11,1339625320668
553 614,444444444444 11,1451240003205
554 615,555555555556 11,156305846286
555 616,666666666667 11,1675081216358
556 617,777777777778 11,1787308782043
557 618,888888888889 11,1899741679888
558 620 11,2012380431501
559 621,111111111111 11,2125225560127
560 622,222222222222 11,2238277590655
561 623,333333333333 11,2351537049628
562 624,444444444444 11,2465004465244
563 625,555555555556 11,2578680367365
564 626,666666666667 11,269256528752
565 627,777777777778 11,2806659758916
566 628,888888888889 11,2920964316439
567 630 11,3035479496661
568 631,111111111111 11,3150205837851
569 632,222222222222 11,3265143879973
570 633,333333333333 11,33802941647
571 634,444444444444 11,3495657235414
572 635,555555555556 11,3611233637217
573 636,666666666667 11,3727023916933
574 637,777777777778 11,3843028623118
575 638,888888888889 11,3959248306063
576 640 11,4075683517803
577 641,111111111111 11,4192334812122
578 642,222222222222 11,4309202744559
579 643,333333333333 11,4426287872415
580 644,444444444444 11,454359075476
581 645,555555555556 11,4661111952437
582 646,666666666667 11,4778852028071
583 647,777777777778 11,4896811546076
584 648,888888888889 11,5014991072657
585 650 11,5133391175821
586 651,111111111111 11,5252012425383
587 652,222222222222 11,537085539297
588 653,333333333333 11,5489920652031
589 654,444444444444 11,5609208777839
590 655,555555555556 11,5728720347504
591 656,666666666667 11,5848455939972
592 657,777777777778 11,596841613604
593 658,888888888889 11,6088601518355
594 660 11,6209012671427
595 661,111111111111 11,632965018163
596 662,222222222222 11,6450514637215
597 663,333333333333 11,6571606628311
598 664,444444444444 11,6692926746935
599 665,555555555556 11,6814475587
600 666,666666666667 11,6936253744318
601 667,777777777778 11,705826181661
602 668,888888888889 11,7180500403512
603 670 11,7302970106582
604 671,111111111111 11,7425671529308
605 672,222222222222 11,7548605277111
606 673,333333333333 11,7671771957358
607 674,444444444444 11,7795172179365
608 675,555555555556 11,7918806554406
609 676,666666666667 11,8042675695718
610 677,777777777778 11,816678021851
611 678,888888888889 11,8291120739972
612 680 11,8415697879276
613 681,111111111111 11,8540512257591
614 682,222222222222 11,8665564498083
615 683,333333333333 11,8790855225927
616 684,444444444444 11,8916385068315
617 685,555555555556 11,9042154654459
618 686,666666666667 11,9168164615602
619 687,777777777778 11,9294415585023
620 688,888888888889 11,9420908198046
621 690 11,9547643092049
622 691,111111111111 11,9674620906466
623 692,222222222222 11,9801842282802
624 693,333333333333 11,9929307864633
625 694,444444444444 12,005701829762
626 695,555555555556 12,0184974229513
627 696,666666666667 12,0313176310157
628 697,777777777778 12,0441625191507
629 698,888888888889 12,0570321527625
630 700 12,0699265974699
631 701,111111111111 12,0828459191042
632 702,222222222222 12,0957901837103
633 703,333333333333 12,1087594575476
634 704,444444444444 12,1217538070906
635 705,555555555556 12,1347732990298
636 706,666666666667 12,1478180002723
637 707,777777777778 12,160887977943
638 708,888888888889 12,173983299385
639 710 12,1871040321602
640 711,111111111111 12,2002502440511
641 712,222222222222 12,2134220030602
642 713,333333333333 12,2266193774122
643 714,444444444444 12,2398424355536
644 715,555555555556 12,2530912461544
645 716,666666666667 12,2663658781084
646 717,777777777778 12,2796664005344
647 718,888888888889 12,2929928827766
648 720 12,3063453944057
649 721,111111111111 12,3197240052198
650 722,222222222222 12,3331287852449
651 723,333333333333 12,346559804736
652 724,444444444444 12,3600171341781
653 725,555555555556 12,3735008442864
654 726,666666666667 12,3870110060079
655 727,777777777778 12,4005476905218
656 728,888888888889 12,4141109692404
657 730 12,4277009138101
658 731,111111111111 12,441317596112
659 732,222222222222 12,4549610882631
660 733,333333333333 12,4686314626169
661 734,444444444444 12,4823287917643
662 735,555555555556 12,4960531485347
663 736,666666666667 12,5098046059965
664 737,777777777778 12,5235832374583
665 738,888888888889 12,5373891164695
666 740 12,5512223168214
667 741,111111111111 12,565082912548
668 742,222222222222 12,578970977927
669 743,333333333333 12,5928865874804
670 744,444444444444 12,6068298159758
671 745,555555555556 12,6208007384268
672 746,666666666667 12,6347994300944
673 747,777777777778 12,6488259664876
674 748,888888888889 12,6628804233645
675 750 12,676962876733
676 751,111111111111 12,6910734028517
677 752,222222222222 12,7052120782311
678 753,333333333333 12,7193789796344
679 754,444444444444 12,7335741840783
680 755,555555555556 12,7477977688338
681 756,666666666667 12,7620498114277
682 757,777777777778 12,776330389643
683 758,888888888889 12,7906395815199
684 760 12,804977465357
685 761,111111111111 12,8193441197121
686 762,222222222222 12,8337396234029
687 763,333333333333 12,8481640555084
688 764,444444444444 12,8626174953696
689 765,555555555556 12,8771000225906
690 766,666666666667 12,8916117170392
691 767,777777777778 12,9061526588483
692 768,888888888889 12,9207229284167
693 770 12,9353226064099
694 771,111111111111 12,9499517737615
695 772,222222222222 12,9646105116736
696 773,333333333333 12,9792989016183
697 774,444444444444 12,9940170253384
698 775,555555555556 13,0087649648486
699 776,666666666667 13,0235428024361
700 777,777777777778 13,038350620662
701 778,888888888889 13,0531885023621
702 780 13,0680565306481
703 781,111111111111 13,0829547889083
704 782,222222222222 13,0978833608087
705 783,333333333333 13,1128423302943
706 784,444444444444 13,1278317815898
707 785,555555555556 13,1428517992004
708 786,666666666667 13,1579024679137
709 787,777777777778 13,1729838727998
710 788,888888888889 13,1880960992127
711 790 13,2032392327913
712 791,111111111111 13,2184133594607
713 792,222222222222 13,2336185654327
714 793,333333333333 13,2488549372074
715 794,444444444444 13,2641225615737
716 795,555555555556 13,2794215256109
717 796,666666666667 13,2947519166894
718 797,777777777778 13,3101138224718
719 798,888888888889 13,3255073309142
720 800 13,3409325302667
721 801,111111111111 13,3563895090753
722 802,222222222222 13,3718783561822
723 803,333333333333 13,3873991607273
724 804,444444444444 13,4029520121493
725 805,555555555556 13,4185370001864
726 806,666666666667 13,4341542148778
727 807,777777777778 13,4498037465647
728 808,888888888889 13,4654856858911
729 810 13,4812001238054
730 811,111111111111 13,4969471515611
731 812,222222222222 13,512726860718
732 813,333333333333 13,5285393431433
733 814,444444444444 13,5443846910129
734 815,555555555556 13,5602629968123
735 816,666666666667 13,5761743533378
736 817,777777777778 13,5921188536974
737 818,888888888889 13,6080965913125
738 820 13,6241076599184
739 821,111111111111 13,6401521535659
740 822,222222222222 13,656230166622
741 823,333333333333 13,6723417937714
742 824,444444444444 13,6884871300176
743 825,555555555556 13,7046662706838
744 826,666666666667 13,7208793114144
745 827,777777777778 13,7371263481758
746 828,888888888889 13,7534074772579
747 830 13,7697227952749
748 831,111111111111 13,786072399167
749 832,222222222222 13,8024563862008
750 833,333333333333 13,8188748539713
751 834,444444444444 13,8353279004024
752 835,555555555556 13,8518156237486
753 836,666666666667 13,8683381225957
754 837,777777777778 13,8848954958626
755 838,888888888889 13,9014878428017
756 840 13,9181152630008
757 841,111111111111 13,934777856384
758 842,222222222222 13,9514757232129
759 843,333333333333 13,9682089640878
760 844,444444444444 13,984977679949
761 845,555555555556 14,0017819720779
762 846,666666666667 14,0186219420984
763 847,777777777778 14,0354976919779
764 848,888888888889 14,0524093240286
765 850 14,0693569409089
766 851,111111111111 14,0863406456242
767 852,222222222222 14,1033605415287
768 853,333333333333 14,1204167323263
769 854,444444444444 14,1375093220718
770 855,555555555556 14,1546384151722
771 856,666666666667 14,1718041163883
772 857,777777777778 14,1890065308354
773 858,888888888889 14,2062457639848
774 860 14,2235219216651
775 861,111111111111 14,2408351100636
776 862,222222222222 14,2581854357271
777 863,333333333333 14,2755730055637
778 864,444444444444 14,2929979268439
779 865,555555555556 14,3104603072016
780 866,666666666667 14,3279602546356
781 867,777777777778 14,3454978775113
782 868,888888888889 14,363073284561
783 870 14,3806865848863
784 871,111111111111 14,3983378879585
785 872,222222222222 14,4160273036205
786 873,333333333333 14,4337549420878
787 874,444444444444 14,4515209139498
788 875,555555555556 14,4693253301712
789 876,666666666667 14,4871683020935
790 877,777777777778 14,505049941436
791 878,888888888889 14,5229703602971
792 880 14,540929671156
793 881,111111111111 14,5589279868737
794 882,222222222222 14,5769654206944
795 883,333333333333 14,5950420862468
796 884,444444444444 14,6131580975457
797 885,555555555556 14,631313568993
798 886,666666666667 14,6495086153791
799 887,777777777778 14,6677433518845
800 888,888888888889 14,6860178940809
801 890 14,7043323579327
802 891,111111111111 14,7226868597981
803 892,222222222222 14,7410815164309
804 893,333333333333 14,7595164449814
805 894,444444444444 14,7779917629982
806 895,555555555556 14,7965075884292
807 896,666666666667 14,8150640396232
808 897,777777777778 14,8336612353312
809 898,888888888889 14,8522992947077
810 900 14,8709783373123
811 901,111111111111 14,8896984831109
812 902,222222222222 14,9084598524771
813 903,333333333333 14,9272625661937
814 904,444444444444 14,9461067454541
815 905,555555555556 14,9649925118635
816 906,666666666667 14,9839199874404
817 907,777777777778 15,0028892946182
818 908,888888888889 15,0219005562464
819 910 15,0409538955921
820 911,111111111111 15,0600494363411
821 912,222222222222 15,0791873026
822 913,333333333333 15,0983676188969
823 914,444444444444 15,1175905101834
824 915,555555555556 15,1368561018354
825 916,666666666667 15,1561645196551
826 917,777777777778 15,1755158898724
827 918,888888888889 15,1949103391457
828 920 15,2143479945642
829 921,111111111111 15,2338289836487
830 922,222222222222 15,2533534343533
831 923,333333333333 15,2729214750669
832 924,444444444444 15,2925332346145
833 925,555555555556 15,3121888422587
834 926,666666666667 15,3318884277011
835 927,777777777778 15,3516321210839
836 928,888888888889 15,3714200529913
837 930 15,3912523544509
838 931,111111111111 15,411129156935
839 932,222222222222 15,4310505923626
840 933,333333333333 15,4510167931003
841 934,444444444444 15,471027891964
842 935,555555555556 15,4910840222205
843 936,666666666667 15,5111853175886
844 937,777777777778 15,531331912241
845 938,888888888889 15,5515239408056
846 940 15,5717615383669
847 941,111111111111 15,5920448404675
848 942,222222222222 15,6123739831097
849 943,333333333333 15,632749102757
850 944,444444444444 15,6531703363353
851 945,555555555556 15,6736378212347
852 946,666666666667 15,6941516953109
853 947,777777777778 15,7147120968868
854 948,888888888889 15,7353191647537
855 950 15,7559730381729
856 951,111111111111 15,7766738568775
857 952,222222222222 15,7974217610734
858 953,333333333333 15,8182168914415
859 954,444444444444 15,8390593891383
860 955,555555555556 15,859949395798
861 956,666666666667 15,8808870535341
862 957,777777777778 15,9018725049405
863 958,888888888889 15,9229058930931
864 960 15,9439873615517
865 961,111111111111 15,9651170543608
866 962,222222222222 15,986295116052
867 963,333333333333 16,0075216916447
868 964,444444444444 16,028796926648
869 965,555555555556 16,0501209670622
870 966,666666666667 16,0714939593802
871 967,777777777778 16,0929160505894
872 968,888888888889 16,1143873881724
873 970 16,1359081201094
874 971,111111111111 16,1574783948792
875 972,222222222222 16,1790983614609
876 973,333333333333 16,2007681693353
877 974,444444444444 16,2224879684867
878 975,555555555556 16,2442579094038
879 976,666666666667 16,2660781430821
880 977,777777777778 16,2879488210246
881 978,888888888889 16,3098700952439
882 980 16,3318421182632
883 981,111111111111 16,3538650431184
884 982,222222222222 16,3759390233592
885 983,333333333333 16,3980642130507
886 984,444444444444 16,4202407667749
887 985,555555555556 16,4424688396325
888 986,666666666667 16,4647485872438
889 987,777777777778 16,4870801657511
890 988,888888888889 16,5094637318193
891 990 16,531899442638
892 991,111111111111 16,5543874559229
893 992,222222222222 16,576927929917
894 993,333333333333 16,5995210233926
895 994,444444444444 16,6221668956526
896 995,555555555556 16,6448657065318
897 996,666666666667 16,6676176163986
898 997,777777777778 16,6904227861567
899 998,888888888889 16,7132813772462
900 1000 16,7361935516453
901 1001,11111111111 16,7591594718719
902 1002,22222222222 16,7821793009848
903 1003,33333333333 16,8052532025857
904 1004,44444444444 16,8283813408202
905 1005,55555555556 16,8515638803792
906 1006,66666666667 16,8748009865012
907 1007,77777777778 16,8980928249729
908 1008,88888888889 16,9214395621311
909 1010 16,9448413648639
910 1011,11111111111 16,9682984006129
911 1012,22222222222 16,9918108373736
912 1013,33333333333 17,0153788436977
913 1014,44444444444 17,0390025886944
914 1015,55555555556 17,0626822420314
915 1016,66666666667 17,0864179739371
916 1017,77777777778 17,1102099552015
917 1018,88888888889 17,1340583571777
918 1020 17,1579633517838
919 1021,11111111111 17,1819251115037
920 1022,22222222222 17,205943809389
921 1023,33333333333 17,2300196190604
922 1024,44444444444 17,2541527147088
923 1025,55555555556 17,2783432710972
924 1026,66666666667 17,3025914635616
925 1027,77777777778 17,3268974680129
926 1028,88888888889 17,3512614609381
927 1030 17,3756836194015
928 1031,11111111111 17,4001641210465
929 1032,22222222222 17,4247031440969
930 1033,33333333333 17,4493008673578
931 1034,44444444444 17,4739574702177
932 1035,55555555556 17,4986731326496
933 1036,66666666667 17,523448035212
934 1037,77777777778 17,5482823590508
935 1038,88888888889 17,5731762859003
936 1040 17,598129998085
937 1041,11111111111 17,6231436785201
938 1042,22222222222 17,6482175107139
939 1043,33333333333 17,6733516787682
940 1044,44444444444 17,6985463673802
941 1045,55555555556 17,7238017618435
942 1046,66666666667 17,7491180480496
943 1047,77777777778 17,7744954124891
944 1048,88888888889 17,7999340422531
945 1050 17,8254341250341
946 1051,11111111111 17,8509958491278
947 1052,22222222222 17,8766194034341
948 1053,33333333333 17,9023049774581
949 1054,44444444444 17,9280527613119
950 1055,55555555556 17,9538629457154
951 1056,66666666667 17,9797357219976
952 1057,77777777778 18,0056712820978
953 1058,88888888889 18,0316698185671
954 1060 18,0577315245691
955 1061,11111111111 18,0838565938815
956 1062,22222222222 18,1100452208969
957 1063,33333333333 18,1362976006242
958 1064,44444444444 18,1626139286897
959 1065,55555555556 18,1889944013383
960 1066,66666666667 18,2154392154344
961 1067,77777777778 18,2419485684632
962 1068,88888888889 18,2685226585317
963 1070 18,2951616843697
964 1071,11111111111 18,3218658453312
965 1072,22222222222 18,3486353413951
966 1073,33333333333 18,3754703731664
967 1074,44444444444 18,402371141877
968 1075,55555555556 18,4293378493872
969 1076,66666666667 18,4563706981861
970 1077,77777777778 18,4834698913932
971 1078,88888888889 18,5106356327586
972 1080 18,5378681266648
973 1081,11111111111 18,5651675781269
974 1082,22222222222 18,592534192794
975 1083,33333333333 18,61996817695
976 1084,44444444444 18,6474697375142
977 1085,55555555556 18,6750390820425
978 1086,66666666667 18,702676418728
979 1087,77777777778 18,7303819564022
980 1088,88888888889 18,7581559045352
981 1090 18,7859984732373
982 1091,11111111111 18,8139098732588
983 1092,22222222222 18,8418903159918
984 1093,33333333333 18,86994001347
985 1094,44444444444 18,89805917837
986 1095,55555555556 18,9262480240119
987 1096,66666666667 18,9545067643596
988 1097,77777777778 18,9828356140221
989 1098,88888888889 19,0112347882535
990 1100 19,039704502954
991 1101,11111111111 19,0682449746703
992 1102,22222222222 19,0968564205961
993 1103,33333333333 19,1255390585731
994 1104,44444444444 19,1542931070908
995 1105,55555555556 19,1831187852875
996 1106,66666666667 19,2120163129507
997 1107,77777777778 19,2409859105173
998 1108,88888888889 19,2700277990744
999 1110 19,2991422003591
1000 1111,11111111111 19,3283293367597
1001 1112,22222222222 19,3575894313152
1002 1113,33333333333 19,386922707716
1003 1114,44444444444 19,4163293903044
1004 1115,55555555556 19,4458097040744
1005 1116,66666666667 19,4753638746721
1006 1117,77777777778 19,504992128396
1007 1118,88888888889 19,5346946921971
1008 1120 19,564471793679
1009 1121,11111111111 19,594323661098
1010 1122,22222222222 19,6242505233632
1011 1123,33333333333 19,6542526100366
1012 1124,44444444444 19,684330151333
1013 1125,55555555556 19,7144833781199
1014 1126,66666666667 19,7447125219178
1015 1127,77777777778 19,7750178148997
1016 1128,88888888889 19,8053994898912
1017 1130 19,8358577803703
1018 1131,11111111111 19,8663929204672
1019 1132,22222222222 19,8970051449639
1020 1133,33333333333 19,9276946892944
1021 1134,44444444444 19,9584617895437
1022 1135,55555555556 19,9893066824482
1023 1136,66666666667 20,0202296053947
1024 1137,77777777778 20,0512307964203
1025 1138,88888888889 20,0823104942118
1026 1140 20,1134689381055
1027 1141,11111111111 20,1447063680863
1028 1142,22222222222 20,176023024787
1029 1143,33333333333 20,2074191494882
1030 1144,44444444444 20,2388949841173
1031 1145,55555555556 20,2704507712476
1032 1146,66666666667 20,3020867540982
1033 1147,77777777778 20,3338031765322
1034 1148,88888888889 20,3656002830569
1035 1150 20,3974783188221
1036 1151,11111111111 20,4294375296196
1037 1152,22222222222 20,4614781618821
1038 1153,33333333333 20,4936004626821
1039 1154,44444444444 20,5258046797309
1040 1155,55555555556 20,5580910613772
1041 1156,66666666667 20,5904598566064
1042 1157,77777777778 20,6229113150389
1043 1158,88888888889 20,655445686929
1044 1160 20,6880632231637
1045 1161,11111111111 20,7207641752609
1046 1162,22222222222 20,7535487953682
1047 1163,33333333333 20,7864173362616
1048 1164,44444444444 20,8193700513433
1049 1165,55555555556 20,8524071946408
1050 1166,66666666667 20,8855290208047
1051 1167,77777777778 20,9187357851073
1052 1168,88888888889 20,9520277434403
1053 1170 20,9854051523137
1054 1171,11111111111 21,018868268853
1055 1172,22222222222 21,052417350798
1056 1173,33333333333 21,0860526565001
1057 1174,44444444444 21,1197744449206
1058 1175,55555555556 21,1535829756285
1059 1176,66666666667 21,1874785087979
1060 1177,77777777778 21,221461305206
1061 1178,88888888889 21,2555316262308
1062 1180 21,2896897338481
1063 1181,11111111111 21,3239358906298
1064 1182,22222222222 21,3582703597405
1065 1183,33333333333 21,3926934049352
1066 1184,44444444444 21,4272052905566
1067 1185,55555555556 21,4618062815324
1068 1186,66666666667 21,4964966433718
1069 1187,77777777778 21,5312766421632
1070 1188,88888888889 21,566146544571
1071 1190 21,601106617832
1072 1191,11111111111 21,6361571297527
1073 1192,22222222222 21,6712983487061
1074 1193,33333333333 21,7065305436279
1075 1194,44444444444 21,7418539840129
1076 1195,55555555556 21,7772689399124
1077 1196,66666666667 21,8127756819295
1078 1197,77777777778 21,848374481216
1079 1198,88888888889 21,8840656094684
1080 1200 21,919849338924
1081 1201,11111111111 21,955725942357
1082 1202,22222222222 21,9916956930745
1083 1203,33333333333 22,027758864912
1084 1204,44444444444 22,0639157322293
1085 1205,55555555556 22,1001665699064
1086 1206,66666666667 22,1365116533388
1087 1207,77777777778 22,1729512584327
1088 1208,88888888889 22,2094856616007
1089 1210 22,2461151397572
1090 1211,11111111111 22,2828399703129
1091 1212,22222222222 22,3196604311704
1092 1213,33333333333 22,356576800719
1093 1214,44444444444 22,3935893578292
1094 1215,55555555556 22,4306983818478
1095 1216,66666666667 22,4679041525924
1096 1217,77777777778 22,5052069503457
1097 1218,88888888889 22,5426070558503
1098 1220 22,5801047503022
1099 1221,11111111111 22,6177003153459
1100 1222,22222222222 22,6553940330676
1101 1223,33333333333 22,6931861859896
1102 1224,44444444444 22,7310770570639
1103 1225,55555555556 22,7690669296658
1104 1226,66666666667 22,8071560875876
1105 1227,77777777778 22,845344815032
1106 1228,88888888889 22,8836333966052
1107 1230 22,9220221173101
1108 1231,11111111111 22,9605112625394
1109 1232,22222222222 22,9991011180686
1110 1233,33333333333 23,0377919700486
1111 1234,44444444444 23,0765841049981
1112 1235,55555555556 23,1154778097966
1113 1236,66666666667 23,1544733716762
1114 1237,77777777778 23,1935710782142
1115 1238,88888888889 23,2327712173249
1116 1240 23,2720740772516
1117 1241,11111111111 23,3114799465582
1118 1242,22222222222 23,3509891141213
1119 1243,33333333333 23,3906018691209
1120 1244,44444444444 23,4303185010323
1121 1245,55555555556 23,470139299617
1122 1246,66666666667 23,5100645549138
1123 1247,77777777778 23,5500945572293
1124 1248,88888888889 23,5902295971291
1125 1250 23,6304699654278
1126 1251,11111111111 23,6708159531796
1127 1252,22222222222 23,7112678516684
1128 1253,33333333333 23,7518259523979
1129 1254,44444444444 23,792490547081
1130 1255,55555555556 23,8332619276301
1131 1256,66666666667 23,8741403861461
1132 1257,77777777778 23,9151262149076
1133 1258,88888888889 23,9562197063605
1134 1260 23,9974211531064
1135 1261,11111111111 24,0387308478918
1136 1262,22222222222 24,0801490835963
1137 1263,33333333333 24,1216761532208
1138 1264,44444444444 24,1633123498764
1139 1265,55555555556 24,2050579667714
1140 1266,66666666667 24,2469132972
1141 1267,77777777778 24,2888786345289
1142 1268,88888888889 24,3309542721857
1143 1270 24,373140503645
1144 1271,11111111111 24,4154376224162
1145 1272,22222222222 24,4578459220297
1146 1273,33333333333 24,5003656960236
1147 1274,44444444444 24,5429972379302
1148 1275,55555555556 24,5857408412615
1149 1276,66666666667 24,6285967994958
1150 1277,77777777778 24,6715654060626
1151 1278,88888888889 24,7146469543287
1152 1280 24,7578417375828
1153 1281,11111111111 24,8011500490206
1154 1282,22222222222 24,8445721817297
1155 1283,33333333333 24,8881084286739
1156 1284,44444444444 24,9317590826774
1157 1285,55555555556 24,9755244364087
1158 1286,66666666667 25,0194047823646
1159 1287,77777777778 25,0634004128533
1160 1288,88888888889 25,1075116199779
1161 1290 25,1517386956193
1162 1291,11111111111 25,1960819314188
1163 1292,22222222222 25,2405416187605
1164 1293,33333333333 25,2851180487536
1165 1294,44444444444 25,3298115122144
1166 1295,55555555556 25,3746222996473
1167 1296,66666666667 25,4195507012271
1168 1297,77777777778 25,4645970067792
1169 1298,88888888889 25,5097615057609
1170 1300 25,5550444872415
1171 1301,11111111111 25,600446239883
1172 1302,22222222222 25,6459670519194
1173 1303,33333333333 25,6916072111367
1174 1304,44444444444 25,7373670048521
1175 1305,55555555556 25,7832467198931
1176 1306,66666666667 25,8292466425758
1177 1307,77777777778 25,8753670586839
1178 1308,88888888889 25,921608253446
1179 1310 25,967970511514
1180 1311,11111111111 26,0144541169403
1181 1312,22222222222 26,0610593531546
1182 1313,33333333333 26,1077865029409
1183 1314,44444444444 26,1546358484141
1184 1315,55555555556 26,2016076709957
1185 1316,66666666667 26,2487022513897
1186 1317,77777777778 26,2959198695581
1187 1318,88888888889 26,3432608046957
1188 1320 26,3907253352048
1189 1321,11111111111 26,4383137386699
1190 1322,22222222222 26,4860262918312
1191 1323,33333333333 26,5338632705583
1192 1324,44444444444 26,5818249498234
1193 1325,55555555556 26,6299116036745
1194 1326,66666666667 26,6781235052073
1195 1327,77777777778 26,7264609265375
1196 1328,88888888889 26,7749241387726
1197 1330 26,823513411983
1198 1331,11111111111 26,8722290151732
1199 1332,22222222222 26,9210712162516
1200 1333,33333333333 26,9700402820015
1201 1334,44444444444 27,0191364780502
1202 1335,55555555556 27,0683600688379
1203 1336,66666666667 27,1177113175875
1204 1337,77777777778 27,1671904862722
1205 1338,88888888889 27,2167978355837
1206 1340 27,2665336248998
1207 1341,11111111111 27,3163981122516
1208 1342,22222222222 27,3663915542897
1209 1343,33333333333 27,4165142062507
1210 1344,44444444444 27,4667663219231
1211 1345,55555555556 27,5171481536123
1212 1346,66666666667 27,5676599521055
1213 1347,77777777778 27,6183019666359
1214 1348,88888888889 27,6690744448469
1215 1350 27,7199776327551
1216 1351,11111111111 27,7710117747135
1217 1352,22222222222 27,8221771133738
1218 1353,33333333333 27,8734738896479
1219 1354,44444444444 27,9249023426703
1220 1355,55555555556 27,9764627097579
1221 1356,66666666667 28,028155226371
1222 1357,77777777778 28,0799801260731
1223 1358,88888888889 28,1319376404899
1224 1360 28,1840279992689
1225 1361,11111111111 28,2362514300364
1226 1362,22222222222 28,2886081583567
1227 1363,33333333333 28,3410984076881
1228 1364,44444444444 28,3937223993402
1229 1365,55555555556 28,4464803524297
1230 1366,66666666667 28,499372483836
1231 1367,77777777778 28,5523990081561
1232 1368,88888888889 28,6055601376591
1233 1370 28,6588560822398
1234 1371,11111111111 28,7122870493719
1235 1372,22222222222 28,7658532440608
1236 1373,33333333333 28,8195548687954
1237 1374,44444444444 28,8733921234998
1238 1375,55555555556 28,9273652054834
1239 1376,66666666667 28,9814743093921
1240 1377,77777777778 29,0357196271569
1241 1378,88888888889 29,0901013479432
1242 1380 29,1446196580993
1243 1381,11111111111 29,1992747411037
1244 1382,22222222222 29,254066777512
1245 1383,33333333333 29,3089959449036
1246 1384,44444444444 29,3640624178274
1247 1385,55555555556 29,4192663677461
1248 1386,66666666667 29,4746079629814
1249 1387,77777777778 29,530087368657
1250 1388,88888888889 29,585704746642
1251 1390 29,6414602554927
1252 1391,11111111111 29,6973540503948
1253 1392,22222222222 29,7533862831036
1254 1393,33333333333 29,8095571018844
1255 1394,44444444444 29,865866651452
1256 1395,55555555556 29,9223150729094
1257 1396,66666666667 29,9789025036854
1258 1397,77777777778 30,0356290774722
1259 1398,88888888889 30,0924949241618
1260 1400 30,1495001697816
1261 1401,11111111111 30,2066449364292
1262 1402,22222222222 30,263929342207
1263 1403,33333333333 30,3213535011553
1264 1404,44444444444 30,3789175231848
1265 1405,55555555556 30,4366215140087
1266 1406,66666666667 30,4944655750738
1267 1407,77777777778 30,5524498034901
1268 1408,88888888889 30,6105742919612
1269 1410 30,6688391287119
1270 1411,11111111111 30,7272443974168
1271 1412,22222222222 30,7857901771265
1272 1413,33333333333 30,8444765421944
1273 1414,44444444444 30,9033035622016
1274 1415,55555555556 30,962271301881
1275 1416,66666666667 31,0213798210417
1276 1417,77777777778 31,0806291744906
1277 1418,88888888889 31,1400194119552
1278 1420 31,1995505780039
1279 1421,11111111111 31,2592227119661
1280 1422,22222222222 31,3190358478516
1281 1423,33333333333 31,3789900142685
1282 1424,44444444444 31,4390852343409
1283 1425,55555555556 31,4993215256249
1284 1426,66666666667 31,5596989000242
1285 1427,77777777778 31,6202173637053
1286 1428,88888888889 31,6808769170097
1287 1430 31,741677554368
1288 1431,11111111111 31,8026192642107
1289 1432,22222222222 31,8637020288796
1290 1433,33333333333 31,9249258245367
1291 1434,44444444444 31,9862906210742
1292 1435,55555555556 32,0477963820213
1293 1436,66666666667 32,1094430644515
1294 1437,77777777778 32,1712306188885
1295 1438,88888888889 32,2331589892109
1296 1440 32,2952281125561
1297 1441,11111111111 32,3574379192229
1298 1442,22222222222 32,419788332574
1299 1443,33333333333 32,4822792689359
1300 1444,44444444444 32,5449106374991
1301 1445,55555555556 32,607682340217
1302 1446,66666666667 32,6705942717029
1303 1447,77777777778 32,7336463191272
1304 1448,88888888889 32,796838362113
1305 1450 32,8601702726297
1306 1451,11111111111 32,9236419148875
1307 1452,22222222222 32,9872531452292
1308 1453,33333333333 33,0510038120212
1309 1454,44444444444 33,1148937555438
1310 1455,55555555556 33,1789228078806
1311 1456,66666666667 33,2430907928062
1312 1457,77777777778 33,3073975256728
1313 1458,88888888889 33,3718428132959
1314 1460 33,4364264538396
1315 1461,11111111111 33,5011482366991
1316 1462,22222222222 33,5660079423835
1317 1463,33333333333 33,6310053423973
1318 1464,44444444444 33,6961401991197
1319 1465,55555555556 33,761412265684
1320 1466,66666666667 33,8268212858552
1321 1467,77777777778 33,8923669939068
1322 1468,88888888889 33,958049114496
1323 1470 34,0238673625378
1324 1471,11111111111 34,0898214430785
1325 1472,22222222222 34,1559110511673
1326 1473,33333333333 34,2221358717269
1327 1474,44444444444 34,2884955794238
1328 1475,55555555556 34,3549898385355
1329 1476,66666666667 34,4216183028185
1330 1477,77777777778 34,4883806153742
1331 1478,88888888889 34,5552764085133
1332 1480 34,6223053036195
1333 1481,11111111111 34,6894669110121
1334 1482,22222222222 34,7567608298068
1335 1483,33333333333 34,824186647776
1336 1484,44444444444 34,8917439412069
1337 1485,55555555556 34,95943227476
1338 1486,66666666667 35,0272512013246
1339 1487,77777777778 35,0952002618738
1340 1488,88888888889 35,1632789853193
1341 1490 35,2314868883628
1342 1491,11111111111 35,2998234753483
1343 1492,22222222222 35,3682882381123
1344 1493,33333333333 35,4368806558319
1345 1494,44444444444 35,5056001948734
1346 1495,55555555556 35,5744463086386
1347 1496,66666666667 35,6434184374101
1348 1497,77777777778 35,7125160081952
1349 1498,88888888889 35,7817384345689
1350 1500 35,8510851165155
1351 1501,11111111111 35,9205554402694
1352 1502,22222222222 35,9901487781532
1353 1503,33333333333 36,0598644884175
1354 1504,44444444444 36,1297019150757
1355 1505,55555555556 36,1996603877409
1356 1506,66666666667 36,2697392214601
1357 1507,77777777778 36,3399377165466
1358 1508,88888888889 36,4102551584132
1359 1510 36,4806908174017
1360 1511,11111111111 36,5512439486137
1361 1512,22222222222 36,6219137917381
1362 1513,33333333333 36,6926995708784
1363 1514,44444444444 36,7636004943798
1364 1515,55555555556 36,834615754653
1365 1516,66666666667 36,9057445279981
1366 1517,77777777778 36,9769859744278
1367 1518,88888888889 37,0483392374885
1368 1520 37,1198034440804
1369 1521,11111111111 37,1913777042775
1370 1522,22222222222 37,2630611111447
1371 1523,33333333333 37,3348527405557
1372 1524,44444444444 37,4067516510082
1373 1525,55555555556 37,4787568834394
1374 1526,66666666667 37,5508674610394
1375 1527,77777777778 37,6230823890639
1376 1528,88888888889 37,6954006546463
1377 1530 37,7678212266074
1378 1531,11111111111 37,8403430552662
1379 1532,22222222222 37,9129650722479
1380 1533,33333333333 37,9856861902916
1381 1534,44444444444 38,0585053030568
1382 1535,55555555556 38,1314212849301
1383 1536,66666666667 38,2044329908284
1384 1537,77777777778 38,2775392560044
1385 1538,88888888889 38,3507388958482
1386 1540 38,4240307056908
1387 1541,11111111111 38,4974134606041
1388 1542,22222222222 38,5708859152019
1389 1543,33333333333 38,6444468034399
1390 1544,44444444444 38,7180948384136
1391 1545,55555555556 38,7918287121568
1392 1546,66666666667 38,8656470954393
1393 1547,77777777778 38,9395486375628
1394 1548,88888888889 39,0135319661571
1395 1550 39,0875956869752
1396 1551,11111111111 39,1617383836885
1397 1552,22222222222 39,2359586176795
1398 1553,33333333333 39,3102549278362
1399 1554,44444444444 39,3846258303449
1400 1555,55555555556 39,459069818482
1401 1556,66666666667 39,5335853624056
1402 1557,77777777778 39,6081709089483
1403 1558,88888888889 39,6828248814064
1404 1560 39,7575456793311
1405 1561,11111111111 39,8323316783192
1406 1562,22222222222 39,9071812298022
1407 1563,33333333333 39,9820926608365
1408 1564,44444444444 40,0570642738917
1409 1565,55555555556 40,1320943466415
1410 1566,66666666667 40,2071811317511
1411 1567,77777777778 40,2823228566663
1412 1568,88888888889 40,3575177234033
1413 1570 40,4327639083363
1414 1571,11111111111 40,5080595619865
1415 1572,22222222222 40,5834028088117
1416 1573,33333333333 40,6587917469944
1417 1574,44444444444 40,7342244482307
1418 1575,55555555556 40,8096989575207
1419 1576,66666666667 40,8852132929567
1420 1577,77777777778 40,9607654455139
1421 1578,88888888889 41,0363533788404
1422 1580 41,1119750290477
1423 1581,11111111111 41,1876283045021
1424 1582,22222222222 41,2633110856153
1425 1583,33333333333 41,3390212246384
1426 1584,44444444444 41,4147565454528
1427 1585,55555555556 41,4905148433649
1428 1586,66666666667 41,5662938849003
1429 1587,77777777778 41,6420914075986
1430 1588,88888888889 41,7179051198094
1431 1590 41,7937327004896
1432 1591,11111111111 41,8695717990013
1433 1592,22222222222 41,945420034911
1434 1593,33333333333 42,0212749977893
1435 1594,44444444444 42,0971342470134
1436 1595,55555555556 42,1729953115691
1437 1596,66666666667 42,2488556898553
1438 1597,77777777778 42,3247128494898
1439 1598,88888888889 42,4005642271163
1440 1600 42,4764072282132
1441 1601,11111111111 42,5522392269047
1442 1602,22222222222 42,6280575657719
1443 1603,33333333333 42,703859555668
1444 1604,44444444444 42,7796424755345
1445 1605,55555555556 42,8554035722181
1446 1606,66666666667 42,9311400602924
1447 1607,77777777778 43,0068491218792
1448 1608,88888888889 43,0825279064744
1449 1610 43,1581735307742
1450 1611,11111111111 43,2337830785045
1451 1612,22222222222 43,3093536002545
1452 1613,33333333333 43,3848821133103
1453 1614,44444444444 43,4603656014925
1454 1615,55555555556 43,535801014998
1455 1616,66666666667 43,6111852702422
1456 1617,77777777778 43,6865152497056
1457 1618,88888888889 43,7617878017846
1458 1620 43,8369997406434
1459 1621,11111111111 43,9121478460708
1460 1622,22222222222 43,9872288633399
1461 1623,33333333333 44,0622395030727
1462 1624,44444444444 44,1371764411052
1463 1625,55555555556 44,2120363183601
1464 1626,66666666667 44,2868157407218
1465 1627,77777777778 44,3615112789143
1466 1628,88888888889 44,4361194683853
1467 1630 44,5106368091936
1468 1631,11111111111 44,5850597659009
1469 1632,22222222222 44,6593847674679
1470 1633,33333333333 44,733608207156
1471 1634,44444444444 44,8077264424334
1472 1635,55555555556 44,8817357948849
1473 1636,66666666667 44,955632550128
1474 1637,77777777778 45,0294129577352
1475 1638,88888888889 45,1030732311583
1476 1640 45,1766095476615
1477 1641,11111111111 45,2500180482583
1478 1642,22222222222 45,323294837654
1479 1643,33333333333 45,3964359841948
1480 1644,44444444444 45,4694375198228
1481 1645,55555555556 45,5422954400362
1482 1646,66666666667 45,6150057038565
1483 1647,77777777778 45,687564233802
1484 1648,88888888889 45,7599669158682
1485 1650 45,8322095995128
1486 1651,11111111111 45,9042880976506
1487 1652,22222222222 45,9761981866531
1488 1653,33333333333 46,0479356063559
1489 1654,44444444444 46,1194960600722
1490 1655,55555555556 46,1908752146175
1491 1656,66666666667 46,2620687003357
1492 1657,77777777778 46,3330721111376
1493 1658,88888888889 46,4038810045465
1494 1660 46,4744909017498
1495 1661,11111111111 46,5448972876603
1496 1662,22222222222 46,6150956109852
1497 1663,33333333333 46,6850812843042
1498 1664,44444444444 46,7548496841546
1499 1665,55555555556 46,8243961511266
1500 1666,66666666667 46,8937159899673
1501 1667,77777777778 46,9628044696922
1502 1668,88888888889 47,0316568237076
1503 1670 47,1002682499421
1504 1671,11111111111 47,1686339109859
1505 1672,22222222222 47,2367489342409
1506 1673,33333333333 47,304608412082
1507 1674,44444444444 47,3722074020251
1508 1675,55555555556 47,4395409269074
1509 1676,66666666667 47,5066039750768
1510 1677,77777777778 47,5733915005936
1511 1678,88888888889 47,6398984234391
1512 1680 47,7061196297382
1513 1681,11111111111 47,7720499719915
1514 1682,22222222222 47,8376842693177
1515 1683,33333333333 47,9030173077078
1516 1684,44444444444 47,9680438402911
1517 1685,55555555556 48,0327585876105
1518 1686,66666666667 48,0971562379113
1519 1687,77777777778 48,1612314474417
1520 1688,88888888889 48,2249788407628
1521 1690 48,2883930110726
1522 1691,11111111111 48,3514685205415
1523 1692,22222222222 48,4141999006604
1524 1693,33333333333 48,4765816525992
1525 1694,44444444444 48,5386082475801
1526 1695,55555555556 48,6002741272625
1527 1696,66666666667 48,6615737041396
1528 1697,77777777778 48,7225013619495
1529 1698,88888888889 48,7830514560989
1530 1700 48,8432183140975
1531 1701,11111111111 48,902996236009
1532 1702,22222222222 48,9623794949135
1533 1703,33333333333 49,0213623373831
1534 1704,44444444444 49,0799389839714
1535 1705,55555555556 49,1381036297162
1536 1706,66666666667 49,1958504446579
1537 1707,77777777778 49,2531735743674
1538 1708,88888888889 49,310067140492
1539 1710 49,3665252413142
1540 1711,11111111111 49,4225419523217
1541 1712,22222222222 49,4781113267958
1542 1713,33333333333 49,5332273964117
1543 1714,44444444444 49,5878841718519
1544 1715,55555555556 49,6420756434368
1545 1716,66666666667 49,6957957817667
1546 1717,77777777778 49,7490385383817
1547 1718,88888888889 49,8017978464319
1548 1720 49,8540676213645
1549 1721,11111111111 49,9058417616274
1550 1722,22222222222 49,9571141493825
1551 1723,33333333333 50,0078786512374
1552 1724,44444444444 50,0581291189912
1553 1725,55555555556 50,1078593903937
1554 1726,66666666667 50,1570632899198
1555 1727,77777777778 50,2057346295601
1556 1728,88888888889 50,2538672096231
1557 1730 50,3014548195551
1558 1731,11111111111 50,3484912387731
1559 1732,22222222222 50,3949702375128
1560 1733,33333333333 50,4408855776912
1561 1734,44444444444 50,4862310137834
1562 1735,55555555556 50,5310002937154
1563 1736,66666666667 50,5751871597684
1564 1737,77777777778 50,6187853495009
1565 1738,88888888889 50,6617885966843
1566 1740 50,7041906322497
1567 1741,11111111111 50,7459851852535
1568 1742,22222222222 50,7871659838549
1569 1743,33333333333 50,8277267563072
1570 1744,44444444444 50,8676612319625
1571 1745,55555555556 50,9069631422933
1572 1746,66666666667 50,9456262219246
1573 1747,77777777778 50,9836442096799
1574 1748,88888888889 51,0210108496424
1575 1750 51,0577198922296
1576 1751,11111111111 51,0937650952777
1577 1752,22222222222 51,1291402251425
1578 1753,33333333333 51,1638390578126
1579 1754,44444444444 51,1978553800336
1580 1755,55555555556 51,2311829904458
1581 1756,66666666667 51,2638157007352
1582 1757,77777777778 51,2957473367937
1583 1758,88888888889 51,3269717398946
1584 1760 51,3574827678766
1585 1761,11111111111 51,3872742963424
1586 1762,22222222222 51,4163402198644
1587 1763,33333333333 51,4446744532049
1588 1764,44444444444 51,4722709325461
1589 1765,55555555556 51,4991236167281
1590 1766,66666666667 51,5252264884999
1591 1767,77777777778 51,5505735557793
1592 1768,88888888889 51,5751588529208
1593 1770 51,5989764419951
1594 1771,11111111111 51,6220204140758
1595 1772,22222222222 51,6442848905343
1596 1773,33333333333 51,6657640243447
1597 1774,44444444444 51,6864520013942
1598 1775,55555555556 51,7063430418039
1599 1776,66666666667 51,7254314012534
1600 1777,77777777778 51,7437113723138
1601 1778,88888888889 51,7611772857884
1602 1780 51,7778235120566
1603 1781,11111111111 51,7936444624243
1604 1782,22222222222 51,8086345904818
1605 1783,33333333333 51,8227883934619
1606 1784,44444444444 51,8361004136063
1607 1785,55555555556 51,8485652395346
1608 1786,66666666667 51,8601775076149
1609 1787,77777777778 51,87093190334
1610 1788,88888888889 51,8808231627042
1611 1790 51,8898460735844
1612 1791,11111111111 51,8979954771188
1613 1792,22222222222 51,9052662690903
1614 1793,33333333333 51,9116534013101
1615 1794,44444444444 51,9171518829979
1616 1795,55555555556 51,9217567821655
1617 1796,66666666667 51,9254632269988
1618 1797,77777777778 51,9282664072358
1619 1798,88888888889 51,9301615755451
1620 1800 51,9311440489005
1621 1801,11111111111 51,9312092099541
1622 1802,22222222222 51,9303525084029
1623 1803,33333333333 51,9285694623538
1624 1804,44444444444 51,9258556596829
1625 1805,55555555556 51,9222067593887
1626 1806,66666666667 51,9176184929403
1627 1807,77777777778 51,9120866656202
1628 1808,88888888889 51,9056071578563
1629 1810 51,8981759265499
1630 1811,11111111111 51,8897890063954
1631 1812,22222222222 51,8804425111876
1632 1813,33333333333 51,8701326351238
1633 1814,44444444444 51,8588556540928
1634 1815,55555555556 51,8466079269562
1635 1816,66666666667 51,8333858968151
1636 1817,77777777778 51,8191860922674
1637 1818,88888888889 51,8040051286531
1638 1820 51,7878397092838
1639 1821,11111111111 51,7706866266613
1640 1822,22222222222 51,7525427636818
1641 1823,33333333333 51,7334050948226
1642 1824,44444444444 51,7132706873174
1643 1825,55555555556 51,6921367023125
1644 1826,66666666667 51,6700003960077
1645 1827,77777777778 51,6468591207801
1646 1828,88888888889 51,6227103262884
1647 1830 51,5975515605633
1648 1831,11111111111 51,5713804710732
1649 1832,22222222222 51,5441948057732
1650 1833,33333333333 51,5159924141364
1651 1834,44444444444 51,4867712481587
1652 1835,55555555556 51,4565293633482
1653 1836,66666666667 51,4252649196897
1654 1837,77777777778 51,3929761825862
1655 1838,88888888889 51,3596615237802
1656 1840 51,3253194222501
1657 1841,11111111111 51,289948465081
1658 1842,22222222222 51,2535473483149
1659 1843,33333333333 51,2161148777712
1660 1844,44444444444 51,1776499698467
1661 1845,55555555556 51,1381516522843
1662 1846,66666666667 51,0976190649193
1663 1847,77777777778 51,0560514603979
1664 1848,88888888889 51,0134482048651
1665 1850 50,9698087786294
1666 1851,11111111111 50,9251327767965
1667 1852,22222222222 50,8794199098729
1668 1853,33333333333 50,8326700043435
1669 1854,44444444444 50,7848830032181
1670 1855,55555555556 50,7360589665461
1671 1856,66666666667 50,686198071903
1672 1857,77777777778 50,6353006148461
1673 1858,88888888889 50,5833670093385
1674 1860 50,5303977881391
1675 1861,11111111111 50,4763936031657
1676 1862,22222222222 50,421355225822
1677 1863,33333333333 50,365283547294
1678 1864,44444444444 50,3081795788114
1679 1865,55555555556 50,2500444518811
1680 1866,66666666667 50,1908794184794
1681 1867,77777777778 50,1306858512191
1682 1868,88888888889 50,069465243477
1683 1870 50,0072192094895
1684 1871,11111111111 49,943949484415
1685 1872,22222222222 49,8796579243595
1686 1873,33333333333 49,8143465063715
1687 1874,44444444444 49,7480173283973
1688 1875,55555555556 49,6806726092057
1689 1876,66666666667 49,612314688278
1690 1877,77777777778 49,5429460256585
1691 1878,88888888889 49,4725692017753
1692 1880 49,4011869172244
1693 1881,11111111111 49,3288019925164
1694 1882,22222222222 49,2554173677916
1695 1883,33333333333 49,1810361024978
1696 1884,44444444444 49,1056613750357
1697 1885,55555555556 49,0292964823653
1698 1886,66666666667 48,9519448395804
1699 1887,77777777778 48,8736099794489
1700 1888,88888888889 48,7942955519154
1701 1890 48,714005323572
1702 1891,11111111111 48,6327431770944
1703 1892,22222222222 48,550513110641
1704 1893,33333333333 48,4673192372213
1705 1894,44444444444 48,3831657840299
1706 1895,55555555556 48,2980570917444
1707 1896,66666666667 48,2119976137924
1708 1897,77777777778 48,1249919155842
1709 1898,88888888889 48,0370446737144
1710 1900 47,9481606751267
1711 1901,11111111111 47,8583448162512
1712 1902,22222222222 47,7676021021076
1713 1903,33333333333 47,6759376453758
1714 1904,44444444444 47,583356665437
1715 1905,55555555556 47,4898644873838
1716 1906,66666666667 47,3954665409979
1717 1907,77777777778 47,3001683596998
1718 1908,88888888889 47,2039755794696
1719 1910 47,1068939377345
1720 1911,11111111111 47,0089292722318
1721 1912,22222222222 46,9100875198413
1722 1913,33333333333 46,8103747153927
1723 1914,44444444444 46,7097969904407
1724 1915,55555555556 46,6083605720181
1725 1916,66666666667 46,5060717813616
1726 1917,77777777778 46,4029370326095
1727 1918,88888888889 46,2989628314762
1728 1920 46,194155773904
1729 1921,11111111111 46,0885225446865
1730 1922,22222222222 45,9820699160719
1731 1923,33333333333 45,8748047463436
1732 1924,44444444444 45,7667339783756
1733 1925,55555555556 45,6578646381704
1734 1926,66666666667 45,5482038333724
1735 1927,77777777778 45,4377587517651
1736 1928,88888888889 45,3265366597434
1737 1930 45,2145449007711
1738 1931,11111111111 45,1017908938203
1739 1932,22222222222 44,9882821317894
1740 1933,33333333333 44,8740261799079
1741 1934,44444444444 44,7590306741242
1742 1935,55555555556 44,6433033194763
1743 1936,66666666667 44,5268518884493
1744 1937,77777777778 44,409684219319
1745 1938,88888888889 44,2918082144797
1746 1940 44,1732318387632
1747 1941,11111111111 44,0539631177418
1748 1942,22222222222 43,934010136024
1749 1943,33333333333 43,8133810355359
1750 1944,44444444444 43,6920840137955
1751 1945,55555555556 43,5701273221778
1752 1946,66666666667 43,44751926417
1753 1947,77777777778 43,3242681936193
1754 1948,88888888889 43,2003825129777
1755 1950 43,0758706715341
1756 1951,11111111111 42,950741163646
1757 1952,22222222222 42,8250025269674
1758 1953,33333333333 42,6986633406655
1759 1954,44444444444 42,5717322236444
1760 1955,55555555556 42,444217832757
1761 1956,66666666667 42,3161288610227
1762 1957,77777777778 42,1874740358381
1763 1958,88888888889 42,0582621171911
1764 1960 41,9285018958742
1765 1961,11111111111 41,7982021916978
1766 1962,22222222222 41,6673718517082
1767 1963,33333333333 41,5360197484043
1768 1964,44444444444 41,4041547779603
1769 1965,55555555556 41,271785858451
1770 1966,66666666667 41,1389219280817
1771 1967,77777777778 41,005571943424
1772 1968,88888888889 40,8717448776558
1773 1970 40,7374497188083
1774 1971,11111111111 40,6026954680226
1775 1972,22222222222 40,4674911378085
1776 1973,33333333333 40,3318457503193
1777 1974,44444444444 40,1957683356261
1778 1975,55555555556 40,0592679300097
1779 1976,66666666667 39,9223535742609
1780 1977,77777777778 39,7850343119854
1781 1978,88888888889 39,6473191879297
1782 1980 39,5092172463109
1783 1981,11111111111 39,3707375291609
1784 1982,22222222222 39,231889074688
1785 1983,33333333333 39,0926809156441
1786 1984,44444444444 38,953122077712
1787 1985,55555555556 38,8132215779042
1788 1986,66666666667 38,6729884229782
1789 1987,77777777778 38,532431607864
1790 1988,88888888889 38,3915601141132
1791 1990 38,2503829083559
1792 1991,11111111111 38,1089089407842
1793 1992,22222222222 37,9671471436444
1794 1993,33333333333 37,82510642975
1795 1994,44444444444 37,6827956910145
1796 1995,55555555556 37,5402237969994
1797 1996,66666666667 37,397399593481
1798 1997,77777777778 37,2543319010391
1799 1998,88888888889 37,1110295136617
1800 2000 36,9675011973702
